   0.0000000e+00	   6.0700376e-02	   5.9994533e-02	   3.6630142e-02	   3.5747358e-02	   3.5146519e-02	   3.7775109e-02	   3.6630142e-02	   5.0343315e-02	   6.9989396e-02	   3.5448212e-02	   4.5452125e-02	   3.8611560e-02	   3.9159269e-02	   4.7063584e-02	   4.2296845e-02	   5.3621037e-02	   5.7083953e-02	   3.7775109e-02	   8.6461325e-02	   5.0973945e-02	   6.0171770e-02	   3.5146519e-02	   3.8886379e-02	   3.5146519e-02	   3.6338264e-02	   5.2008004e-02	   3.5146519e-02	   4.0232324e-02	   5.1596867e-02	   3.5146519e-02	   3.5146519e-02	   6.0700376e-02	   5.3621037e-02	   7.6111938e-02	   1.8069220e-01	   3.9966761e-02	   4.1534677e-02	   5.9994533e-02	   9.2366175e-01	   4.5452125e-02	   6.9989396e-02	   6.4113130e-02	   4.2044324e-02	   3.5146519e-02	   3.6919713e-02	   6.7036226e-02	   3.5146519e-02	   3.6338264e-02	   5.7640883e-02	   4.6836770e-02	   5.5571527e-02	   4.9274333e-02	   4.0758259e-02	   5.9994533e-02	   3.5146519e-02	   6.0700376e-02	   6.1571301e-02	   5.2008004e-02	   1.7657892e-01	   4.1018698e-02	   1.2400435e-01	   3.8334771e-02	   3.8886379e-02	   5.2820678e-02	   6.5428408e-02	   3.5146519e-02	   2.1646100e-02	   5.6170009e-01	   6.2600419e-02	   3.5146519e-02	   9.2279666e-01	   5.3819267e-02	   3.6630142e-02	   3.5448212e-02	   5.0554399e-02	   9.2366175e-01	   3.5448212e-02	   3.5146519e-02	   3.5146519e-02	   0.0000000e+00	   5.9459653e-02	   3.5146519e-02	   3.5146519e-02	   3.7775109e-02	   3.6338264e-02	   6.0524687e-02	   4.7960114e-02	   7.1791993e-02	   4.8402152e-02	   3.7775109e-02	   3.5146519e-02	   5.2820678e-02	   5.5571527e-02	   1.4535305e-01	   3.0958120e-02	   3.7775109e-02	   9.0080506e-02	   3.8886379e-02	   1.2797687e-01	
   6.0700376e-02	   0.0000000e+00	   6.9378123e-02	   5.0554399e-02	   4.9918469e-02	   4.9489976e-02	   4.8402152e-02	   5.0554399e-02	   6.1224417e-02	   7.1940171e-02	   4.9704685e-02	   5.5762823e-02	   5.2008004e-02	   5.2415916e-02	   5.7083953e-02	   5.4799662e-02	   6.3946818e-02	   6.6877183e-02	   5.0131342e-02	   9.1836626e-02	   7.8725390e-02	   6.8916110e-02	   4.9489976e-02	   5.7640883e-02	   4.9489976e-02	   5.0343315e-02	   6.2600419e-02	   4.9489976e-02	   5.0764605e-02	   6.2259270e-02	   4.9489976e-02	   4.9489976e-02	   6.3277200e-02	   4.5685814e-02	   8.3707867e-02	   1.7414994e-01	   4.6149641e-02	   5.3422072e-02	   6.6557959e-02	   9.2914483e-01	   5.7270198e-02	   7.8182450e-02	   6.4938301e-02	   5.4604992e-02	   4.9489976e-02	   5.0764605e-02	   6.7825843e-02	   4.9489976e-02	   5.0343315e-02	   6.7353184e-02	   5.8375191e-02	   6.5590964e-02	   4.4981106e-02	   5.3621037e-02	   4.4743737e-02	   4.9489976e-02	   6.8761416e-02	   6.8606374e-02	   6.2600419e-02	   1.7137618e-01	   4.3781394e-02	   1.2781035e-01	   5.1802844e-02	   5.2212359e-02	   6.3277200e-02	   7.4127300e-02	   4.9489976e-02	   6.2430077e-02	   5.6587439e-01	   6.6717762e-02	   4.9489976e-02	   9.2828486e-01	   6.4113130e-02	   5.0554399e-02	   4.9704685e-02	   6.1398104e-02	   9.2914483e-01	   4.9704685e-02	   4.9489976e-02	   4.9489976e-02	   6.0700376e-02	   6.8916110e-02	   4.9489976e-02	   4.9489976e-02	   5.1390065e-02	   5.0343315e-02	   6.9837079e-02	   5.9280287e-02	   7.2529854e-02	   5.8557330e-02	   4.8402152e-02	   4.9489976e-02	   5.9100377e-02	   6.5590964e-02	   1.4571891e-01	   4.9704685e-02	   5.1390065e-02	   9.1138239e-02	   5.7640883e-02	   1.4194297e-01	
   5.9994533e-02	   6.9378123e-02	   0.0000000e+00	   4.9704685e-02	   4.9057741e-02	   4.8621664e-02	   4.9274333e-02	   4.9704685e-02	   6.0524687e-02	   5.3222362e-02	   4.8840189e-02	   4.9704685e-02	   5.0343315e-02	   5.1596867e-02	   5.5571527e-02	   5.4016770e-02	   6.3277200e-02	   6.6237196e-02	   5.0554399e-02	   9.2759630e-02	   7.8182450e-02	   3.7207030e-02	   4.8621664e-02	   5.6897099e-02	   4.8621664e-02	   4.9489976e-02	   6.1916241e-02	   4.8621664e-02	   5.4799662e-02	   6.1571301e-02	   4.8621664e-02	   4.8621664e-02	   6.4609497e-02	   5.8375191e-02	   7.6808310e-02	   1.8157406e-01	   5.2212359e-02	   5.3422072e-02	   6.8761416e-02	   9.2680383e-01	   5.6521536e-02	   7.3695067e-02	   7.2382884e-02	   5.3819267e-02	   4.8621664e-02	   4.9918469e-02	   6.9684430e-02	   4.8621664e-02	   4.9489976e-02	   6.6717762e-02	   5.4604992e-02	   6.4938301e-02	   5.5186944e-02	   4.9489976e-02	   6.3946818e-02	   4.8621664e-02	   3.9699422e-02	   6.3780073e-02	   6.1916241e-02	   1.8081003e-01	   5.0554399e-02	   1.2897153e-01	   5.0973945e-02	   5.1390065e-02	   5.9816771e-02	   7.0896424e-02	   4.8621664e-02	   6.1744012e-02	   5.6481957e-01	   3.6630142e-02	   4.8621664e-02	   9.2594169e-01	   6.1398104e-02	   4.9704685e-02	   4.8840189e-02	   6.0700376e-02	   9.2680383e-01	   4.8840189e-02	   4.8621664e-02	   4.8621664e-02	   5.9994533e-02	   6.0700376e-02	   4.8621664e-02	   4.8621664e-02	   5.0554399e-02	   4.9489976e-02	   6.9224461e-02	   5.8557330e-02	   7.5971897e-02	   5.8919917e-02	   4.9274333e-02	   4.8621664e-02	   6.2600419e-02	   6.4938301e-02	   1.4615672e-01	   4.8840189e-02	   5.0554399e-02	   9.6142009e-02	   5.6897099e-02	   1.3231352e-01	
   3.6630142e-02	   5.0554399e-02	   4.9704685e-02	   0.0000000e+00	   1.2210047e-02	   1.0319373e-02	   1.7267615e-02	   1.4593798e-02	   3.7492146e-02	   6.1398104e-02	   1.1304307e-02	   3.0612209e-02	   1.9027984e-02	   2.0116162e-02	   3.2957436e-02	   2.5695033e-02	   4.1790277e-02	   4.6149641e-02	   1.7267615e-02	   7.9666632e-02	   6.2087992e-02	   4.9918469e-02	   1.0319373e-02	   3.1300209e-02	   1.0319373e-02	   1.3844892e-02	   3.9699422e-02	   1.0319373e-02	   2.7302496e-02	   3.9159269e-02	   1.0319373e-02	   1.0319373e-02	   5.0554399e-02	   4.1790277e-02	   6.8295232e-02	   1.7861759e-01	   2.1646100e-02	   2.4420095e-02	   4.9704685e-02	   9.2143395e-01	   3.0612209e-02	   6.1398104e-02	   5.4604992e-02	   2.5277199e-02	   1.0319373e-02	   1.5306104e-02	   5.8009199e-02	   1.0319373e-02	   1.3844892e-02	   4.6836770e-02	   3.2632724e-02	   4.4265181e-02	   3.6044022e-02	   2.3074820e-02	   4.9704685e-02	   1.0319373e-02	   5.0554399e-02	   5.1596867e-02	   3.9699422e-02	   1.7482127e-01	   2.3531792e-02	   1.1954450e-01	   1.8459856e-02	   1.9579634e-02	   4.0758259e-02	   5.6143461e-02	   1.0319373e-02	   3.9430271e-02	   5.5905866e-01	   5.2820678e-02	   1.0319373e-02	   9.2056678e-01	   4.2044324e-02	   1.4593798e-02	   1.1304307e-02	   3.7775109e-02	   9.2143395e-01	   1.1304307e-02	   1.0319373e-02	   1.0319373e-02	   3.6630142e-02	   4.9057741e-02	   1.0319373e-02	   1.0319373e-02	   1.7267615e-02	   1.3844892e-02	   5.0343315e-02	   3.4225490e-02	   6.3445267e-02	   3.4842215e-02	   1.7267615e-02	   1.0319373e-02	   4.0758259e-02	   4.4265181e-02	   1.4156736e-01	   1.1304307e-02	   1.7267615e-02	   8.3580555e-02	   3.1300209e-02	   1.2348802e-01	
   3.5747358e-02	   4.9918469e-02	   4.9057741e-02	   1.2210047e-02	   0.0000000e+00	   6.5265448e-03	   1.5306104e-02	   1.2210047e-02	   3.6630142e-02	   6.0875557e-02	   7.9933523e-03	   2.9550188e-02	   1.7267615e-02	   1.8459856e-02	   3.1973409e-02	   2.4420095e-02	   4.1018698e-02	   4.3045519e-02	   1.5306104e-02	   7.9264611e-02	   6.1571301e-02	   4.9274333e-02	   6.5265448e-03	   3.0262343e-02	   6.5265448e-03	   1.1304307e-02	   3.8886379e-02	   6.5265448e-03	   2.6106179e-02	   3.8334771e-02	   6.5265448e-03	   6.5265448e-03	   4.8621664e-02	   4.1018698e-02	   6.7825843e-02	   1.7784086e-01	   2.0116162e-02	   2.3074820e-02	   4.9057741e-02	   9.2116811e-01	   2.9550188e-02	   6.0875557e-02	   5.4016770e-02	   2.3980057e-02	   6.5265448e-03	   1.3053090e-02	   5.7455840e-02	   6.5265448e-03	   1.1304307e-02	   4.6149641e-02	   2.9550188e-02	   4.2547867e-02	   3.5146519e-02	   2.1646100e-02	   4.9057741e-02	   6.5265448e-03	   4.9918469e-02	   5.0973945e-02	   3.8886379e-02	   1.7402760e-01	   2.2132590e-02	   1.1963354e-01	   1.6639490e-02	   1.7873679e-02	   3.9966761e-02	   5.5571527e-02	   6.5265448e-03	   3.8611560e-02	   5.5900152e-01	   5.2212359e-02	   6.5265448e-03	   9.2030068e-01	   4.1277494e-02	   1.2210047e-02	   7.9933523e-03	   3.5747358e-02	   9.2116811e-01	   7.9933523e-03	   6.5265448e-03	   6.5265448e-03	   3.5747358e-02	   4.8402152e-02	   6.5265448e-03	   6.5265448e-03	   1.5306104e-02	   1.1304307e-02	   4.9704685e-02	   3.3278979e-02	   6.2939719e-02	   3.3912922e-02	   1.5306104e-02	   6.5265448e-03	   3.9966761e-02	   4.2547867e-02	   1.4164256e-01	   7.9933523e-03	   1.5306104e-02	   8.3197448e-02	   3.0262343e-02	   1.2322905e-01	
   3.5146519e-02	   4.9489976e-02	   4.8621664e-02	   1.0319373e-02	   6.5265448e-03	   0.0000000e+00	   1.3844892e-02	   1.0319373e-02	   3.6044022e-02	   6.0524687e-02	   4.6149641e-03	   2.8820442e-02	   1.5986705e-02	   1.7267615e-02	   3.1300209e-02	   2.3531792e-02	   4.0496146e-02	   4.4981106e-02	   1.3844892e-02	   7.8995461e-02	   6.1224417e-02	   4.8840189e-02	   0.0000000e+00	   2.9550188e-02	   0.0000000e+00	   9.2299282e-03	   3.8334771e-02	   0.0000000e+00	   2.5277199e-02	   3.7775109e-02	   0.0000000e+00	   0.0000000e+00	   4.9489976e-02	   4.0496146e-02	   6.7511105e-02	   1.7831925e-01	   1.9027984e-02	   2.2132590e-02	   4.8621664e-02	   9.2068245e-01	   2.8820442e-02	   6.0524687e-02	   5.3621037e-02	   2.3074820e-02	   0.0000000e+00	   1.1304307e-02	   5.7083953e-02	   0.0000000e+00	   9.2299282e-03	   4.5685814e-02	   3.0958120e-02	   4.3045519e-02	   3.4535229e-02	   2.0638747e-02	   4.8621664e-02	   0.0000000e+00	   4.9489976e-02	   5.0554399e-02	   3.8334771e-02	   1.7451644e-01	   2.1148422e-02	   1.1945538e-01	   1.5306104e-02	   1.6639490e-02	   3.9430271e-02	   5.5186944e-02	   0.0000000e+00	   3.8055969e-02	   5.5839159e-01	   5.1802844e-02	   0.0000000e+00	   9.1981456e-01	   4.0758259e-02	   1.0319373e-02	   4.6149641e-03	   3.6338264e-02	   9.2068245e-01	   4.6149641e-03	   0.0000000e+00	   0.0000000e+00	   3.5146519e-02	   4.7960114e-02	   0.0000000e+00	   0.0000000e+00	   1.3844892e-02	   9.2299282e-03	   4.9274333e-02	   3.2632724e-02	   6.2600419e-02	   3.3278979e-02	   1.3844892e-02	   0.0000000e+00	   3.9430271e-02	   4.3045519e-02	   1.4149212e-01	   4.6149641e-03	   1.3844892e-02	   8.2941061e-02	   2.9550188e-02	   1.2305609e-01	
   3.7775109e-02	   4.8402152e-02	   4.9274333e-02	   1.7267615e-02	   1.5306104e-02	   1.3844892e-02	   0.0000000e+00	   1.7267615e-02	   3.8611560e-02	   6.0348486e-02	   1.4593798e-02	   2.8448549e-02	   2.1148422e-02	   2.2132590e-02	   3.2957436e-02	   2.7302496e-02	   4.2797416e-02	   4.7063584e-02	   1.9579634e-02	   8.0199525e-02	   6.2770298e-02	   5.0764605e-02	   1.3844892e-02	   3.2632724e-02	   1.3844892e-02	   1.6639490e-02	   4.0758259e-02	   1.3844892e-02	   2.8820442e-02	   4.0232324e-02	   1.3844892e-02	   1.3844892e-02	   4.9704685e-02	   4.0232324e-02	   6.8916110e-02	   1.7825952e-01	   2.3531792e-02	   2.6106179e-02	   5.0554399e-02	   9.2240422e-01	   3.1973409e-02	   6.1398104e-02	   5.5379569e-02	   2.6909634e-02	   1.3844892e-02	   1.7873679e-02	   5.6521536e-02	   1.3844892e-02	   1.6639490e-02	   4.7737560e-02	   3.3912922e-02	   4.5217229e-02	   3.0262343e-02	   2.4852342e-02	   4.4265181e-02	   1.3844892e-02	   5.0554399e-02	   5.2415916e-02	   4.0758259e-02	   1.7457745e-01	   2.3531792e-02	   1.2025502e-01	   2.0638747e-02	   2.1646100e-02	   4.1790277e-02	   5.5762823e-02	   1.3844892e-02	   4.0496146e-02	   5.6012434e-01	   5.2008004e-02	   1.3844892e-02	   9.2153796e-01	   4.3045519e-02	   1.7267615e-02	   1.4593798e-02	   3.8886379e-02	   9.2240422e-01	   1.4593798e-02	   1.3844892e-02	   1.3844892e-02	   3.7775109e-02	   4.9489976e-02	   1.3844892e-02	   1.3844892e-02	   1.9579634e-02	   1.6639490e-02	   5.1182428e-02	   3.5448212e-02	   6.4113130e-02	   3.6044022e-02	   0.0000000e+00	   1.3844892e-02	   4.1790277e-02	   4.5217229e-02	   1.4216786e-01	   1.4593798e-02	   1.9579634e-02	   8.4088648e-02	   3.2632724e-02	   1.2383248e-01	
   3.6630142e-02	   5.0554399e-02	   4.9704685e-02	   1.4593798e-02	   1.2210047e-02	   1.0319373e-02	   1.7267615e-02	   0.0000000e+00	   3.7492146e-02	   6.1398104e-02	   1.1304307e-02	   3.0612209e-02	   1.9027984e-02	   2.0116162e-02	   3.0958120e-02	   2.5695033e-02	   4.1790277e-02	   4.6149641e-02	   1.7267615e-02	   7.9666632e-02	   6.2087992e-02	   4.9918469e-02	   1.0319373e-02	   3.1300209e-02	   1.0319373e-02	   1.3844892e-02	   3.9699422e-02	   1.0319373e-02	   2.7302496e-02	   3.9159269e-02	   1.0319373e-02	   1.0319373e-02	   5.0554399e-02	   4.1790277e-02	   6.8295232e-02	   1.7861759e-01	   2.1646100e-02	   2.4420095e-02	   4.9704685e-02	   9.2143395e-01	   3.0612209e-02	   6.1398104e-02	   5.4604992e-02	   2.5277199e-02	   1.0319373e-02	   1.5306104e-02	   5.8009199e-02	   1.0319373e-02	   1.3844892e-02	   4.6836770e-02	   3.2632724e-02	   4.4265181e-02	   3.6044022e-02	   2.3074820e-02	   4.9704685e-02	   1.0319373e-02	   5.0554399e-02	   5.1596867e-02	   3.9699422e-02	   1.7384393e-01	   2.3531792e-02	   1.1990028e-01	   1.8459856e-02	   1.9579634e-02	   4.0758259e-02	   5.6143461e-02	   1.0319373e-02	   3.9430271e-02	   5.5890626e-01	   5.2820678e-02	   1.0319373e-02	   9.2056678e-01	   4.2044324e-02	   1.4593798e-02	   1.1304307e-02	   3.7775109e-02	   9.2143395e-01	   1.1304307e-02	   1.0319373e-02	   1.0319373e-02	   3.6630142e-02	   4.9057741e-02	   1.0319373e-02	   1.0319373e-02	   1.7267615e-02	   1.3844892e-02	   5.0343315e-02	   3.4225490e-02	   6.3445267e-02	   3.4842215e-02	   1.7267615e-02	   1.0319373e-02	   4.0758259e-02	   4.4265181e-02	   1.4186793e-01	   1.1304307e-02	   1.7267615e-02	   8.3580555e-02	   3.1300209e-02	   1.2348802e-01	
   5.0343315e-02	   6.1224417e-02	   6.0524687e-02	   3.7492146e-02	   3.6630142e-02	   3.6044022e-02	   3.8611560e-02	   3.7492146e-02	   0.0000000e+00	   7.0444370e-02	   3.5146519e-02	   4.6149641e-02	   3.9430271e-02	   3.9966761e-02	   4.5918313e-02	   4.3045519e-02	   5.4213553e-02	   5.7640883e-02	   3.8611560e-02	   5.8375191e-02	   7.1046469e-02	   6.0700376e-02	   3.6044022e-02	   4.6608853e-02	   3.6044022e-02	   3.7207030e-02	   4.6608853e-02	   3.6044022e-02	   4.4023952e-02	   4.4265181e-02	   3.6044022e-02	   3.6044022e-02	   6.1224417e-02	   5.1802844e-02	   7.4270818e-02	   1.7718097e-01	   4.0758259e-02	   4.2296845e-02	   5.8375191e-02	   9.2530893e-01	   4.6149641e-02	   6.8606374e-02	   6.2600419e-02	   4.2797416e-02	   3.6044022e-02	   3.4225490e-02	   6.7511105e-02	   3.6044022e-02	   2.9550188e-02	   4.8621664e-02	   3.7492146e-02	   5.6143461e-02	   4.9918469e-02	   4.1534677e-02	   5.1390065e-02	   3.6044022e-02	   5.7640883e-02	   6.2087992e-02	   4.6608853e-02	   1.7372137e-01	   3.9699422e-02	   1.1954450e-01	   3.5747358e-02	   3.9699422e-02	   5.3422072e-02	   6.5914872e-02	   3.6044022e-02	   5.2415916e-02	   5.5795279e-01	   6.3108685e-02	   3.6044022e-02	   9.2444539e-01	   5.2008004e-02	   3.7492146e-02	   3.6338264e-02	   5.1182428e-02	   9.2530893e-01	   3.6338264e-02	   3.6044022e-02	   3.6044022e-02	   5.0343315e-02	   5.9994533e-02	   3.6044022e-02	   3.6044022e-02	   3.8611560e-02	   3.7207030e-02	   6.1050237e-02	   2.5695033e-02	   7.1643509e-02	   4.9057741e-02	   3.8611560e-02	   3.6044022e-02	   5.3422072e-02	   5.6143461e-02	   1.4141684e-01	   3.6338264e-02	   3.8611560e-02	   8.8530361e-02	   4.6608853e-02	   1.2587944e-01	
   6.9989396e-02	   7.1940171e-02	   5.3222362e-02	   6.1398104e-02	   6.0875557e-02	   6.0524687e-02	   6.0348486e-02	   6.1398104e-02	   7.0444370e-02	   0.0000000e+00	   6.0700376e-02	   5.5571527e-02	   6.2600419e-02	   6.2939719e-02	   6.2939719e-02	   6.4938301e-02	   7.2822905e-02	   7.1046469e-02	   5.9994533e-02	   9.8872307e-02	   8.6091039e-02	   6.8450980e-02	   6.0524687e-02	   6.3108685e-02	   6.0524687e-02	   6.1224417e-02	   7.1643509e-02	   6.0524687e-02	   6.0524687e-02	   7.1345614e-02	   6.0524687e-02	   6.0524687e-02	   7.3983503e-02	   6.1050237e-02	   8.8770607e-02	   1.8326696e-01	   5.6332816e-02	   6.4444466e-02	   7.7360895e-02	   9.3139992e-01	   6.4113130e-02	   8.0199525e-02	   8.0860703e-02	   6.4774108e-02	   6.0524687e-02	   6.1571301e-02	   7.1046469e-02	   6.0524687e-02	   6.1224417e-02	   7.5267787e-02	   6.0348486e-02	   7.0141382e-02	   6.2600419e-02	   6.3946818e-02	   6.5428408e-02	   6.0524687e-02	   6.1398104e-02	   7.3260284e-02	   7.1643509e-02	   1.8133932e-01	   6.0348486e-02	   1.3295583e-01	   6.2430077e-02	   6.2770298e-02	   7.1643509e-02	   7.3114782e-02	   6.0524687e-02	   7.1494716e-02	   5.6739665e-01	   5.3422072e-02	   6.0524687e-02	   9.3054203e-01	   7.1791993e-02	   6.1050237e-02	   6.0700376e-02	   6.7511105e-02	   9.3139992e-01	   6.0700376e-02	   6.0524687e-02	   6.0524687e-02	   6.9989396e-02	   6.9684430e-02	   6.0524687e-02	   6.0524687e-02	   6.2087992e-02	   6.1224417e-02	   7.8046125e-02	   6.8761416e-02	   8.3069354e-02	   6.9070458e-02	   6.0348486e-02	   6.0524687e-02	   7.2235614e-02	   7.0141382e-02	   1.5152270e-01	   6.0700376e-02	   6.2087992e-02	   1.0267647e-01	   6.3108685e-02	   1.3713512e-01	
   3.5448212e-02	   4.9704685e-02	   4.8840189e-02	   1.1304307e-02	   7.9933523e-03	   4.6149641e-03	   1.4593798e-02	   1.1304307e-02	   3.5146519e-02	   6.0700376e-02	   0.0000000e+00	   2.9187596e-02	   1.6639490e-02	   1.7873679e-02	   3.1638600e-02	   2.3980057e-02	   4.0758259e-02	   4.5217229e-02	   1.4593798e-02	   7.7772757e-02	   6.1398104e-02	   4.9057741e-02	   4.6149641e-03	   2.9908386e-02	   4.6149641e-03	   1.0319373e-02	   3.8611560e-02	   4.6149641e-03	   2.5695033e-02	   3.8055969e-02	   4.6149641e-03	   4.6149641e-03	   4.9704685e-02	   4.0758259e-02	   6.7668657e-02	   1.7742121e-01	   1.9579634e-02	   2.2608614e-02	   4.8840189e-02	   9.2092531e-01	   2.9187596e-02	   6.0700376e-02	   5.3819267e-02	   2.3531792e-02	   4.6149641e-03	   1.2210047e-02	   5.7270198e-02	   4.6149641e-03	   1.0319373e-02	   4.5918313e-02	   3.1300209e-02	   4.3292201e-02	   3.4842215e-02	   2.1148422e-02	   4.8840189e-02	   4.6149641e-03	   4.9704685e-02	   5.0764605e-02	   3.8611560e-02	   1.7359873e-01	   1.9579634e-02	   1.1900882e-01	   1.5986705e-02	   1.7267615e-02	   3.9699422e-02	   5.5379569e-02	   4.6149641e-03	   3.8334771e-02	   5.5841066e-01	   5.2008004e-02	   4.6149641e-03	   9.2005765e-01	   4.1018698e-02	   1.1304307e-02	   6.5265448e-03	   3.6630142e-02	   9.2092531e-01	   6.5265448e-03	   4.6149641e-03	   4.6149641e-03	   3.5448212e-02	   4.8181640e-02	   4.6149641e-03	   4.6149641e-03	   1.4593798e-02	   1.0319373e-02	   4.9489976e-02	   3.2957436e-02	   6.2770298e-02	   3.3597446e-02	   1.4593798e-02	   4.6149641e-03	   3.9699422e-02	   4.3292201e-02	   1.4081313e-01	   6.5265448e-03	   1.4593798e-02	   8.2037396e-02	   2.9908386e-02	   1.2262264e-01	
   4.5452125e-02	   5.5762823e-02	   4.9704685e-02	   3.0612209e-02	   2.9550188e-02	   2.8820442e-02	   2.8448549e-02	   3.0612209e-02	   4.6149641e-02	   5.5571527e-02	   2.9187596e-02	   0.0000000e+00	   3.2304749e-02	   3.3597446e-02	   3.0958120e-02	   3.7207030e-02	   4.9704685e-02	   5.3422072e-02	   3.1973409e-02	   8.2554988e-02	   6.7668657e-02	   5.5953466e-02	   2.8820442e-02	   4.1277494e-02	   2.8820442e-02	   3.0262343e-02	   4.7960114e-02	   2.8820442e-02	   3.8334771e-02	   4.7513963e-02	   2.8820442e-02	   2.8820442e-02	   5.0131342e-02	   3.7492146e-02	   7.0444370e-02	   1.7825952e-01	   3.4535229e-02	   3.6338264e-02	   5.6521536e-02	   9.2367328e-01	   4.0758259e-02	   6.1398104e-02	   6.0875557e-02	   3.6919713e-02	   2.8820442e-02	   3.0958120e-02	   4.5685814e-02	   2.8820442e-02	   3.0262343e-02	   5.2820678e-02	   3.8611560e-02	   5.1802844e-02	   3.4225490e-02	   3.2957436e-02	   4.5217229e-02	   2.8820442e-02	   4.9704685e-02	   5.5953466e-02	   4.7960114e-02	   1.7627713e-01	   2.7689785e-02	   1.2288290e-01	   3.2632724e-02	   3.3278979e-02	   4.8840189e-02	   4.9704685e-02	   2.8820442e-02	   4.7737560e-02	   5.6016236e-01	   4.4023952e-02	   2.8820442e-02	   9.2280820e-01	   4.5918313e-02	   3.0612209e-02	   2.9187596e-02	   4.6379815e-02	   9.2367328e-01	   2.9187596e-02	   2.8820442e-02	   2.8820442e-02	   4.5452125e-02	   5.1596867e-02	   2.8820442e-02	   2.8820442e-02	   3.1973409e-02	   3.0262343e-02	   5.7083953e-02	   4.3537484e-02	   6.5428408e-02	   4.4023952e-02	   2.8448549e-02	   2.8820442e-02	   4.8840189e-02	   5.1802844e-02	   1.4439750e-01	   2.9187596e-02	   3.1973409e-02	   8.7805680e-02	   4.1277494e-02	   1.2638600e-01	
   3.8611560e-02	   5.2008004e-02	   5.0343315e-02	   1.9027984e-02	   1.7267615e-02	   1.5986705e-02	   2.1148422e-02	   1.9027984e-02	   3.9430271e-02	   6.2600419e-02	   1.6639490e-02	   3.2304749e-02	   0.0000000e+00	   2.3531792e-02	   3.5146519e-02	   2.8448549e-02	   4.1018698e-02	   4.7737560e-02	   2.1148422e-02	   8.0066635e-02	   6.3277200e-02	   5.1390065e-02	   1.5986705e-02	   3.3597446e-02	   1.5986705e-02	   1.8459856e-02	   4.1534677e-02	   1.5986705e-02	   2.9908386e-02	   4.1018698e-02	   1.5986705e-02	   1.5986705e-02	   4.9489976e-02	   4.1534677e-02	   6.8139128e-02	   1.7808022e-01	   2.4852342e-02	   2.7302496e-02	   5.1182428e-02	   9.2220794e-01	   3.2957436e-02	   6.1224417e-02	   5.5953466e-02	   2.8071731e-02	   1.5986705e-02	   1.9579634e-02	   5.9280287e-02	   1.5986705e-02	   1.8459856e-02	   4.8402152e-02	   3.4225490e-02	   4.5918313e-02	   3.8055969e-02	   2.2608614e-02	   5.1182428e-02	   1.5986705e-02	   5.0764605e-02	   5.3021901e-02	   4.1534677e-02	   1.7414994e-01	   2.6510950e-02	   1.1945538e-01	   2.2132590e-02	   2.3074820e-02	   4.2547867e-02	   5.7455840e-02	   1.5986705e-02	   4.1277494e-02	   5.5919198e-01	   5.3819267e-02	   1.5986705e-02	   9.2134149e-01	   4.2296845e-02	   1.9027984e-02	   1.6639490e-02	   3.9699422e-02	   9.2220794e-01	   1.5306104e-02	   1.5986705e-02	   1.5986705e-02	   3.8611560e-02	   5.0554399e-02	   1.5986705e-02	   1.5986705e-02	   2.1148422e-02	   1.8459856e-02	   5.1802844e-02	   3.6338264e-02	   6.4279012e-02	   3.6919713e-02	   2.1148422e-02	   1.5986705e-02	   4.2547867e-02	   4.5918313e-02	   1.4209294e-01	   1.6639490e-02	   2.1148422e-02	   8.4467712e-02	   3.3597446e-02	   1.2409020e-01	
   3.9159269e-02	   5.2415916e-02	   5.1596867e-02	   2.0116162e-02	   1.8459856e-02	   1.7267615e-02	   2.2132590e-02	   2.0116162e-02	   3.9966761e-02	   6.2939719e-02	   1.7873679e-02	   3.3597446e-02	   2.3531792e-02	   0.0000000e+00	   3.5747358e-02	   2.9187596e-02	   4.4023952e-02	   4.8181640e-02	   2.2132590e-02	   8.0066635e-02	   6.3612890e-02	   5.1802844e-02	   1.7267615e-02	   3.4225490e-02	   1.7267615e-02	   1.9579634e-02	   4.2044324e-02	   1.7267615e-02	   3.0612209e-02	   4.1534677e-02	   1.7267615e-02	   1.7267615e-02	   4.9918469e-02	   4.4023952e-02	   6.9684430e-02	   1.7530790e-01	   2.5695033e-02	   2.8071731e-02	   4.5452125e-02	   9.2223104e-01	   3.3597446e-02	   6.2939719e-02	   5.6332816e-02	   1.2210047e-02	   1.7267615e-02	   2.0638747e-02	   5.9638480e-02	   1.7267615e-02	   1.9579634e-02	   4.8840189e-02	   3.5448212e-02	   4.6379815e-02	   3.8611560e-02	   2.6909634e-02	   5.1596867e-02	   1.7267615e-02	   5.2415916e-02	   5.3422072e-02	   4.2044324e-02	   1.7205834e-01	   2.7302496e-02	   1.1546636e-01	   2.3074820e-02	   2.3980057e-02	   4.3045519e-02	   5.7825334e-02	   1.7267615e-02	   4.1790277e-02	   5.5942046e-01	   5.3819267e-02	   1.7267615e-02	   9.2136461e-01	   4.4265181e-02	   2.0116162e-02	   1.7873679e-02	   4.0232324e-02	   9.2223104e-01	   1.7873679e-02	   1.7267615e-02	   1.7267615e-02	   3.9159269e-02	   5.0973945e-02	   1.7267615e-02	   1.7267615e-02	   2.2132590e-02	   1.9579634e-02	   5.2212359e-02	   3.6919713e-02	   6.4938301e-02	   3.7492146e-02	   2.2132590e-02	   1.7267615e-02	   4.3045519e-02	   4.6379815e-02	   1.3783222e-01	   1.7873679e-02	   2.2132590e-02	   8.4719479e-02	   3.4225490e-02	   1.2426171e-01	
   4.7063584e-02	   5.7083953e-02	   5.5571527e-02	   3.2957436e-02	   3.1973409e-02	   3.1300209e-02	   3.2957436e-02	   3.0958120e-02	   4.5918313e-02	   6.2939719e-02	   3.1638600e-02	   3.0958120e-02	   3.5146519e-02	   3.5747358e-02	   0.0000000e+00	   3.9159269e-02	   5.1182428e-02	   5.4799662e-02	   3.4225490e-02	   8.0860703e-02	   6.4938301e-02	   5.2212359e-02	   3.1300209e-02	   4.3045519e-02	   3.1300209e-02	   3.2632724e-02	   4.6836770e-02	   3.1300209e-02	   4.0232324e-02	   4.9057741e-02	   3.1300209e-02	   3.1300209e-02	   5.5186944e-02	   4.5918313e-02	   7.1494716e-02	   1.7784086e-01	   3.6044022e-02	   2.9550188e-02	   5.6709628e-02	   9.2628664e-01	   4.2547867e-02	   6.4279012e-02	   5.9994533e-02	   3.8886379e-02	   3.1300209e-02	   3.3278979e-02	   4.8181640e-02	   3.1300209e-02	   3.2632724e-02	   4.8840189e-02	   4.2044324e-02	   5.3222362e-02	   4.2797416e-02	   3.7492146e-02	   5.3222362e-02	   3.1300209e-02	   4.6836770e-02	   4.3292201e-02	   4.6836770e-02	   1.7341461e-01	   3.4225490e-02	   1.2034354e-01	   3.0958120e-02	   3.5448212e-02	   4.7289310e-02	   4.7289310e-02	   3.1300209e-02	   4.9274333e-02	   5.6226856e-01	   4.8840189e-02	   3.1300209e-02	   9.2542401e-01	   4.8840189e-02	   3.2957436e-02	   3.1638600e-02	   4.7960114e-02	   9.2628664e-01	   3.1638600e-02	   3.1300209e-02	   3.1300209e-02	   4.7063584e-02	   4.0758259e-02	   3.1300209e-02	   3.1300209e-02	   3.4225490e-02	   3.2632724e-02	   5.8375191e-02	   4.0232324e-02	   5.3021901e-02	   3.8611560e-02	   3.2957436e-02	   3.1300209e-02	   5.0343315e-02	   5.3222362e-02	   1.4134152e-01	   3.1638600e-02	   3.4225490e-02	   8.8650565e-02	   4.3045519e-02	   1.2697443e-01	
   4.2296845e-02	   5.4799662e-02	   5.4016770e-02	   2.5695033e-02	   2.4420095e-02	   2.3531792e-02	   2.7302496e-02	   2.5695033e-02	   4.3045519e-02	   6.4938301e-02	   2.3980057e-02	   3.7207030e-02	   2.8448549e-02	   2.9187596e-02	   3.9159269e-02	   0.0000000e+00	   4.6836770e-02	   5.0764605e-02	   2.7302496e-02	   7.8995461e-02	   6.5590964e-02	   5.4213553e-02	   2.3531792e-02	   3.7775109e-02	   2.3531792e-02	   2.5277199e-02	   4.4981106e-02	   2.3531792e-02	   3.4535229e-02	   4.4505102e-02	   2.3531792e-02	   2.3531792e-02	   5.4016770e-02	   4.6836770e-02	   7.1196199e-02	   1.7736118e-01	   3.0262343e-02	   3.2304749e-02	   4.9057741e-02	   9.2375398e-01	   3.7207030e-02	   6.3277200e-02	   5.8557330e-02	   3.2957436e-02	   2.3531792e-02	   2.3531792e-02	   6.1744012e-02	   2.3531792e-02	   2.5277199e-02	   5.1390065e-02	   3.7207030e-02	   4.2044324e-02	   4.1790277e-02	   3.1300209e-02	   5.4016770e-02	   2.3531792e-02	   5.3621037e-02	   5.5762823e-02	   4.4981106e-02	   1.7536864e-01	   3.1638600e-02	   1.1747781e-01	   2.8071731e-02	   2.8820442e-02	   4.5918313e-02	   5.9994533e-02	   2.3531792e-02	   4.4743737e-02	   5.5968689e-01	   5.6897099e-02	   2.3531792e-02	   9.2288898e-01	   4.7063584e-02	   2.5695033e-02	   2.3980057e-02	   4.3292201e-02	   9.2375398e-01	   2.3980057e-02	   2.3531792e-02	   2.3531792e-02	   4.2296845e-02	   5.3422072e-02	   2.3531792e-02	   2.3531792e-02	   2.7302496e-02	   2.5277199e-02	   5.2212359e-02	   4.0232324e-02	   6.6877183e-02	   4.0758259e-02	   2.7302496e-02	   2.3531792e-02	   4.3537484e-02	   4.2044324e-02	   1.3982656e-01	   2.3980057e-02	   2.7302496e-02	   8.6214644e-02	   3.7775109e-02	   1.2528586e-01	
   5.3621037e-02	   6.3946818e-02	   6.3277200e-02	   4.1790277e-02	   4.1018698e-02	   4.0496146e-02	   4.2797416e-02	   4.1790277e-02	   5.4213553e-02	   7.2822905e-02	   4.0758259e-02	   4.9704685e-02	   4.1018698e-02	   4.4023952e-02	   5.1182428e-02	   4.6836770e-02	   0.0000000e+00	   6.0524687e-02	   4.2797416e-02	   8.8770607e-02	   7.3405498e-02	   6.3445267e-02	   4.0496146e-02	   5.0131342e-02	   4.0496146e-02	   4.1534677e-02	   5.5762823e-02	   4.0496146e-02	   4.7737560e-02	   5.5379569e-02	   4.0496146e-02	   4.0496146e-02	   6.3946818e-02	   5.7270198e-02	   7.8725390e-02	   1.7992442e-01	   4.4743737e-02	   4.6149641e-02	   6.3277200e-02	   9.2549305e-01	   4.0232324e-02	   7.2822905e-02	   6.7194892e-02	   4.6608853e-02	   4.0496146e-02	   4.2044324e-02	   6.9989396e-02	   4.0496146e-02	   4.1534677e-02	   5.9280287e-02	   5.0973945e-02	   5.9100377e-02	   5.3222362e-02	   4.5452125e-02	   6.3277200e-02	   4.0496146e-02	   6.3946818e-02	   6.4774108e-02	   5.5762823e-02	   1.7433328e-01	   4.5685814e-02	   1.2528586e-01	   4.3292201e-02	   3.4535229e-02	   5.6521536e-02	   6.8450980e-02	   4.0496146e-02	   5.5571527e-02	   5.6126388e-01	   6.5753117e-02	   4.0496146e-02	   9.2462968e-01	   5.7455840e-02	   4.1790277e-02	   4.0758259e-02	   5.4409624e-02	   9.2549305e-01	   4.0758259e-02	   4.0496146e-02	   4.0496146e-02	   5.3621037e-02	   6.2770298e-02	   4.0496146e-02	   4.0496146e-02	   4.2797416e-02	   4.1534677e-02	   6.3780073e-02	   5.2008004e-02	   7.4557027e-02	   5.2415916e-02	   4.2797416e-02	   4.0496146e-02	   5.6521536e-02	   5.9100377e-02	   1.4498628e-01	   4.0758259e-02	   4.2797416e-02	   9.2299282e-02	   5.0131342e-02	   1.2954822e-01	
   5.7083953e-02	   6.6877183e-02	   6.6237196e-02	   4.6149641e-02	   4.3045519e-02	   4.4981106e-02	   4.7063584e-02	   4.6149641e-02	   5.7640883e-02	   7.1046469e-02	   4.5217229e-02	   5.3422072e-02	   4.7737560e-02	   4.8181640e-02	   5.4799662e-02	   5.0764605e-02	   6.0524687e-02	   0.0000000e+00	   3.9159269e-02	   9.0904250e-02	   7.5971897e-02	   6.5428408e-02	   4.4981106e-02	   3.2632724e-02	   4.4981106e-02	   4.5918313e-02	   5.9100377e-02	   4.4981106e-02	   5.1596867e-02	   5.8738903e-02	   4.4981106e-02	   4.4981106e-02	   6.6877183e-02	   6.0524687e-02	   8.1123666e-02	   1.8390502e-01	   4.8840189e-02	   5.0131342e-02	   6.6237196e-02	   9.2616017e-01	   4.0232324e-02	   6.8295232e-02	   6.9989396e-02	   5.0554399e-02	   4.4981106e-02	   4.6379815e-02	   7.1791993e-02	   4.4981106e-02	   4.5918313e-02	   6.4113130e-02	   5.4604992e-02	   3.6919713e-02	   5.5953466e-02	   4.9489976e-02	   6.6237196e-02	   4.4981106e-02	   6.6237196e-02	   6.7668657e-02	   5.9100377e-02	   1.7855796e-01	   4.9704685e-02	   1.2528586e-01	   4.7513963e-02	   4.7960114e-02	   5.9816771e-02	   6.9684430e-02	   4.4981106e-02	   5.8919917e-02	   5.6383833e-01	   6.7982666e-02	   4.4981106e-02	   9.2529742e-01	   6.0700376e-02	   4.5685814e-02	   4.5217229e-02	   4.3045519e-02	   9.2616017e-01	   4.5217229e-02	   4.4981106e-02	   4.4981106e-02	   5.7083953e-02	   6.5428408e-02	   4.4981106e-02	   4.4981106e-02	   4.7063584e-02	   4.5918313e-02	   6.6717762e-02	   5.5571527e-02	   7.6530522e-02	   5.5953466e-02	   4.7063584e-02	   4.4981106e-02	   5.9816771e-02	   3.6919713e-02	   1.4846993e-01	   4.5217229e-02	   4.7063584e-02	   9.4353164e-02	   3.2632724e-02	   1.3101947e-01	
   3.7775109e-02	   5.0131342e-02	   5.0554399e-02	   1.7267615e-02	   1.5306104e-02	   1.3844892e-02	   1.9579634e-02	   1.7267615e-02	   3.8611560e-02	   5.9994533e-02	   1.4593798e-02	   3.1973409e-02	   2.1148422e-02	   2.2132590e-02	   3.4225490e-02	   2.7302496e-02	   4.2797416e-02	   3.9159269e-02	   0.0000000e+00	   8.0199525e-02	   6.2770298e-02	   4.8181640e-02	   1.3844892e-02	   2.1646100e-02	   1.3844892e-02	   1.6639490e-02	   4.0758259e-02	   1.3844892e-02	   2.8820442e-02	   4.0232324e-02	   1.3844892e-02	   1.3844892e-02	   4.8402152e-02	   4.2797416e-02	   6.8916110e-02	   1.7790073e-01	   2.3531792e-02	   2.6106179e-02	   5.0554399e-02	   9.2194232e-01	   2.4420095e-02	   5.7825334e-02	   5.3021901e-02	   2.6909634e-02	   1.3844892e-02	   1.7873679e-02	   5.6521536e-02	   1.3844892e-02	   1.6639490e-02	   4.7737560e-02	   3.3912922e-02	   3.8055969e-02	   3.4842215e-02	   2.4852342e-02	   5.0554399e-02	   1.3844892e-02	   4.9704685e-02	   5.2415916e-02	   4.0758259e-02	   1.7433328e-01	   2.5277199e-02	   1.1954450e-01	   2.0638747e-02	   2.1646100e-02	   4.1790277e-02	   5.3021901e-02	   1.3844892e-02	   4.0496146e-02	   5.5913485e-01	   5.2008004e-02	   1.3844892e-02	   9.2107562e-01	   4.3045519e-02	   1.4593798e-02	   1.4593798e-02	   3.2957436e-02	   9.2194232e-01	   1.4593798e-02	   1.3844892e-02	   1.3844892e-02	   3.7775109e-02	   4.9057741e-02	   1.3844892e-02	   1.3844892e-02	   1.9579634e-02	   1.6639490e-02	   5.1182428e-02	   3.5448212e-02	   6.2770298e-02	   3.5448212e-02	   1.9579634e-02	   1.3844892e-02	   4.1790277e-02	   3.8055969e-02	   1.4216786e-01	   1.4593798e-02	   1.9579634e-02	   8.3325346e-02	   2.1646100e-02	   1.2383248e-01	
   8.6461325e-02	   9.1836626e-02	   9.2759630e-02	   7.9666632e-02	   7.9264611e-02	   7.8995461e-02	   8.0199525e-02	   7.9666632e-02	   5.8375191e-02	   9.8872307e-02	   7.7772757e-02	   8.2554988e-02	   8.0066635e-02	   8.0066635e-02	   8.0860703e-02	   7.8995461e-02	   8.8770607e-02	   9.0904250e-02	   8.0199525e-02	   0.0000000e+00	   9.9943545e-02	   9.2183836e-02	   7.8995461e-02	   8.4341547e-02	   7.8995461e-02	   7.9532851e-02	   7.9933523e-02	   7.8995461e-02	   8.2941061e-02	   7.9130151e-02	   7.8995461e-02	   7.8995461e-02	   9.0669658e-02	   8.3834986e-02	   9.2644758e-02	   1.8122183e-01	   8.1254828e-02	   8.2037396e-02	   8.7074968e-02	   9.3756491e-01	   8.4088648e-02	   8.8650565e-02	   9.2068245e-02	   8.1254828e-02	   7.8995461e-02	   7.6530522e-02	   9.3673540e-02	   7.8995461e-02	   7.5126173e-02	   8.0332196e-02	   7.4984291e-02	   8.9962212e-02	   8.6214644e-02	   8.1647050e-02	   8.4341547e-02	   7.8995461e-02	   8.9010204e-02	   9.3787153e-02	   7.9933523e-02	   1.7603532e-01	   7.8318538e-02	   1.2460403e-01	   7.6391249e-02	   8.0728901e-02	   8.7805680e-02	   9.6363279e-02	   7.8995461e-02	   8.7684318e-02	   5.6179488e-01	   9.3103398e-02	   7.8995461e-02	   9.3671267e-01	   7.8454390e-02	   7.9666632e-02	   7.9130151e-02	   8.6952586e-02	   9.3756491e-01	   7.8590007e-02	   7.8995461e-02	   7.8995461e-02	   8.6461325e-02	   9.0787030e-02	   7.8995461e-02	   7.8995461e-02	   8.0199525e-02	   7.9532851e-02	   8.6952586e-02	   6.7353184e-02	   9.7789336e-02	   8.5719154e-02	   8.0199525e-02	   7.8995461e-02	   8.5095733e-02	   8.9962212e-02	   1.4454492e-01	   7.9130151e-02	   8.0199525e-02	   1.1075914e-01	   8.4341547e-02	   1.4073749e-01	
   5.0973945e-02	   7.8725390e-02	   7.8182450e-02	   6.2087992e-02	   6.1571301e-02	   6.1224417e-02	   6.2770298e-02	   6.2087992e-02	   7.1046469e-02	   8.6091039e-02	   6.1398104e-02	   6.7668657e-02	   6.3277200e-02	   6.3612890e-02	   6.4938301e-02	   6.5590964e-02	   7.3405498e-02	   7.5971897e-02	   6.2770298e-02	   9.9943545e-02	   0.0000000e+00	   7.8318538e-02	   6.1224417e-02	   6.2770298e-02	   6.1224417e-02	   6.1916241e-02	   7.2235614e-02	   6.1224417e-02	   6.2259270e-02	   7.1940171e-02	   6.1224417e-02	   6.1224417e-02	   7.8725390e-02	   7.3405498e-02	   9.1138239e-02	   1.8373122e-01	   6.4113130e-02	   6.3108685e-02	   7.8182450e-02	   9.2915629e-01	   6.7668657e-02	   8.6091039e-02	   8.1385778e-02	   6.5428408e-02	   6.1224417e-02	   6.2259270e-02	   8.3707867e-02	   6.1224417e-02	   6.1916241e-02	   7.6391249e-02	   6.8606374e-02	   7.4842141e-02	   7.0293039e-02	   6.4609497e-02	   7.8182450e-02	   6.1224417e-02	   7.8725390e-02	   7.9398845e-02	   7.2235614e-02	   1.7790073e-01	   6.4774108e-02	   1.3134418e-01	   6.3108685e-02	   6.3445267e-02	   6.9224461e-02	   8.2425894e-02	   6.1224417e-02	   5.3021901e-02	   5.6777189e-01	   8.0199525e-02	   6.1224417e-02	   9.2829633e-01	   7.3550425e-02	   6.2087992e-02	   6.1398104e-02	   7.1196199e-02	   9.2915629e-01	   6.1398104e-02	   6.1224417e-02	   6.1224417e-02	   5.0973945e-02	   7.7772757e-02	   6.1224417e-02	   6.1224417e-02	   6.2770298e-02	   6.1916241e-02	   7.8590007e-02	   6.9378123e-02	   8.7562787e-02	   5.5379569e-02	   6.2770298e-02	   6.1224417e-02	   7.2822905e-02	   7.4842141e-02	   1.4911405e-01	   5.8557330e-02	   6.2770298e-02	   1.0184338e-01	   6.2770298e-02	   1.3744538e-01	
   6.0171770e-02	   6.8916110e-02	   3.7207030e-02	   4.9918469e-02	   4.9274333e-02	   4.8840189e-02	   5.0764605e-02	   4.9918469e-02	   6.0700376e-02	   6.8450980e-02	   4.9057741e-02	   5.5953466e-02	   5.1390065e-02	   5.1802844e-02	   5.2212359e-02	   5.4213553e-02	   6.3445267e-02	   6.5428408e-02	   4.8181640e-02	   9.2183836e-02	   7.8318538e-02	   0.0000000e+00	   4.8840189e-02	   5.5953466e-02	   4.8840189e-02	   4.9704685e-02	   6.2087992e-02	   4.8840189e-02	   5.4993644e-02	   6.1744012e-02	   4.8840189e-02	   4.8840189e-02	   6.8606374e-02	   6.2770298e-02	   7.7498426e-02	   1.8303439e-01	   5.2415916e-02	   4.9918469e-02	   6.8916110e-02	   9.2750446e-01	   5.5571527e-02	   7.3550425e-02	   7.2529854e-02	   5.4016770e-02	   4.8840189e-02	   5.0131342e-02	   6.5753117e-02	   4.8840189e-02	   4.9704685e-02	   6.2259270e-02	   5.7825334e-02	   6.5102080e-02	   5.7640883e-02	   5.3021901e-02	   6.8606374e-02	   4.8840189e-02	   3.5448212e-02	   5.7640883e-02	   6.2087992e-02	   1.8122183e-01	   5.2820678e-02	   1.2772700e-01	   5.1182428e-02	   5.1596867e-02	   5.8919917e-02	   6.1398104e-02	   4.8840189e-02	   6.1916241e-02	   5.6453670e-01	   4.3781394e-02	   4.8840189e-02	   9.2664296e-01	   6.2939719e-02	   4.8621664e-02	   4.9057741e-02	   6.0875557e-02	   9.2750446e-01	   4.9057741e-02	   4.8840189e-02	   4.8840189e-02	   6.0171770e-02	   5.1802844e-02	   4.8840189e-02	   4.8840189e-02	   5.0764605e-02	   4.9704685e-02	   6.9378123e-02	   5.8738903e-02	   6.6877183e-02	   5.9100377e-02	   5.0764605e-02	   4.8840189e-02	   6.2770298e-02	   6.5102080e-02	   1.4535305e-01	   4.9057741e-02	   5.0764605e-02	   9.6252708e-02	   5.5953466e-02	   1.3239398e-01	
   3.5146519e-02	   4.9489976e-02	   4.8621664e-02	   1.0319373e-02	   6.5265448e-03	   0.0000000e+00	   1.3844892e-02	   1.0319373e-02	   3.6044022e-02	   6.0524687e-02	   4.6149641e-03	   2.8820442e-02	   1.5986705e-02	   1.7267615e-02	   3.1300209e-02	   2.3531792e-02	   4.0496146e-02	   4.4981106e-02	   1.3844892e-02	   7.8995461e-02	   6.1224417e-02	   4.8840189e-02	   0.0000000e+00	   2.9550188e-02	   0.0000000e+00	   9.2299282e-03	   3.8334771e-02	   0.0000000e+00	   2.5277199e-02	   3.7775109e-02	   0.0000000e+00	   0.0000000e+00	   4.9489976e-02	   4.0496146e-02	   6.7511105e-02	   1.7831925e-01	   1.9027984e-02	   2.2132590e-02	   4.8621664e-02	   9.2068245e-01	   2.8820442e-02	   6.0524687e-02	   5.3621037e-02	   2.3074820e-02	   0.0000000e+00	   1.1304307e-02	   5.7083953e-02	   0.0000000e+00	   9.2299282e-03	   4.5685814e-02	   3.0958120e-02	   4.3045519e-02	   3.4535229e-02	   2.0638747e-02	   4.8621664e-02	   0.0000000e+00	   4.9489976e-02	   5.0554399e-02	   3.8334771e-02	   1.7451644e-01	   2.1148422e-02	   1.1945538e-01	   1.5306104e-02	   1.6639490e-02	   3.9430271e-02	   5.5186944e-02	   0.0000000e+00	   3.8055969e-02	   5.5839159e-01	   5.1802844e-02	   0.0000000e+00	   9.1981456e-01	   4.0758259e-02	   1.0319373e-02	   4.6149641e-03	   3.6338264e-02	   9.2068245e-01	   4.6149641e-03	   0.0000000e+00	   0.0000000e+00	   3.5146519e-02	   4.7960114e-02	   0.0000000e+00	   0.0000000e+00	   1.3844892e-02	   9.2299282e-03	   4.9274333e-02	   3.2632724e-02	   6.2600419e-02	   3.3278979e-02	   1.3844892e-02	   0.0000000e+00	   3.9430271e-02	   4.3045519e-02	   1.4149212e-01	   4.6149641e-03	   1.3844892e-02	   8.2941061e-02	   2.9550188e-02	   1.2305609e-01	
