   0.0000000e+00	   5.1041080e-01	   2.5355708e-01	   5.5602640e-01	   8.7929621e-02	   4.8402746e-01	   5.4521567e-01	   4.9195924e-01	   3.9997837e-01	   1.9815762e-01	   4.8553982e-01	   2.2762680e-01	   5.4324167e-01	   5.4536012e-01	   2.0025941e-01	   4.6946606e-01	   3.3866585e-01	   1.3630447e-01	   2.6774452e-01	   4.0353469e-01	   1.2514299e-01	   2.7365826e-01	   4.3754683e-01	   1.5676851e-01	   2.9608139e-01	   4.4453835e-01	   4.1914466e-01	   5.3092762e-01	   4.3220900e-01	   3.6315764e-01	   4.5075669e-01	   4.4948324e-01	   3.1260027e-01	   5.3498187e-01	   3.1017570e-01	   5.0561240e-01	   5.3415102e-01	   1.8074935e-01	   4.9543991e-01	   4.8903273e-01	   2.6812219e-01	   3.1028117e-01	   4.3613480e-01	   5.0443540e-01	   7.6734745e-01	   3.4800529e-01	   3.5257366e-01	   8.0192066e-01	   3.9315463e-01	   3.1621569e-01	   2.8152721e-01	   2.5084701e-01	   5.4975222e-01	   2.2541195e-01	   5.2659254e-01	   6.3301555e-01	   2.0619561e-01	   1.7248471e-01	   4.1914466e-01	   5.0543620e-01	   4.8289446e-01	   4.9876633e-01	   6.0876744e-01	   2.3716944e-01	   1.6198465e-01	   3.3544075e-01	   3.8074484e-01	   5.6615807e-02	   3.9382909e-01	   2.2190085e-01	   6.9103402e-01	   4.8394357e-01	   3.1967843e-01	   2.5618409e-01	   1.3293319e-01	   2.3760846e-01	   4.8903273e-01	   3.5479565e-01	   5.4197198e-01	   4.6467256e-01	   0.0000000e+00	   2.9155891e-01	   7.6006481e-01	   4.8308139e-01	   2.8821246e-01	   6.3529820e-01	   3.3747756e-01	   4.0763559e-01	   1.8100730e-01	   1.5934089e-01	   5.4521567e-01	   4.9984637e-01	   5.5702806e-01	   2.5084701e-01	   4.9784584e-01	   6.4208425e-02	   4.3727948e-01	   4.3741248e-01	   1.5676851e-01	   4.4826295e-01	
   5.1041080e-01	   0.0000000e+00	   5.0729336e-01	   3.4094473e-01	   4.9081739e-01	   4.2413417e-01	   1.3355165e-01	   3.1320058e-01	   3.3766423e-01	   5.1921464e-01	   2.1471775e-01	   4.7235730e-01	   3.6787059e-01	   2.2830193e-01	   4.8424147e-01	   3.1428789e-01	   3.7169345e-01	   4.5920143e-01	   3.9554545e-01	   3.2649376e-01	   5.3098354e-01	   5.4951189e-01	   5.0629024e-01	   4.5185495e-01	   3.8693450e-01	   3.1215802e-01	   5.9812083e-01	   5.8304716e-01	   3.0341322e-01	   3.4597617e-01	   4.4289421e-01	   5.6494955e-01	   3.6787553e-01	   1.0047254e-01	   4.7429288e-01	   3.2302717e-01	   3.5237425e-01	   5.0021233e-01	   2.5307869e-01	   4.2135210e-01	   3.8651302e-01	   5.0950302e-01	   6.2540113e-01	   2.0673561e-01	   4.8344374e-01	   3.8836159e-01	   6.3007489e-01	   4.8185942e-01	   3.3436786e-01	   4.4033392e-01	   4.5121082e-01	   4.0510375e-01	   1.2282651e-01	   4.4823591e-01	   9.9167445e-02	   4.0397740e-01	   5.1480329e-01	   5.0584364e-01	   5.9812083e-01	   3.5258569e-01	   2.3405768e-01	   2.7002953e-01	   3.6530200e-01	   4.2123272e-01	   5.2430120e-01	   6.0082563e-01	   5.5078840e-01	   5.0109583e-01	   3.3757809e-01	   5.0688709e-01	   4.3303255e-01	   3.8099461e-01	   5.2423995e-01	   3.9401367e-01	   4.5365364e-01	   4.2010345e-01	   4.2135210e-01	   3.6253643e-01	   5.9146452e-01	   3.9527422e-01	   5.1041080e-01	   5.7630928e-01	   4.7276376e-01	   3.4088963e-01	   3.8726008e-01	   4.0539532e-01	   4.4975951e-01	   3.2840157e-01	   5.0272681e-01	   5.2672600e-01	   1.3355165e-01	   5.6658280e-01	   3.1012881e-01	   4.0510375e-01	   2.9575992e-01	   4.9237044e-01	   3.5382428e-01	   4.6143260e-01	   4.5185495e-01	   3.0122054e-01	
   2.5355708e-01	   5.0729336e-01	   0.0000000e+00	   5.4530234e-01	   2.3935650e-01	   4.7706978e-01	   5.4568223e-01	   4.7072021e-01	   3.6852556e-01	   1.3428464e-01	   4.9831785e-01	   1.2289062e-01	   5.7561389e-01	   5.5847945e-01	   1.5418466e-01	   4.5099994e-01	   3.0916997e-01	   2.3229325e-01	   3.0957539e-01	   3.7371102e-01	   2.7035694e-01	   9.9350580e-02	   4.1544050e-01	   2.3998854e-01	   2.7649540e-01	   4.4041097e-01	   3.8136817e-01	   5.2425960e-01	   4.2972325e-01	   3.1784790e-01	   4.4383446e-01	   4.3160295e-01	   3.3065956e-01	   5.3065137e-01	   1.8429155e-01	   5.2033958e-01	   5.4355835e-01	   1.5207959e-01	   5.0716195e-01	   4.8157892e-01	   3.4098382e-01	   1.7873005e-01	   4.0417384e-01	   5.1465496e-01	   7.9991886e-01	   2.8342344e-01	   2.1886272e-01	   8.2832174e-01	   3.6143333e-01	   2.2608297e-01	   1.6394782e-01	   3.0591121e-01	   5.4980953e-01	   1.7571447e-01	   5.2294615e-01	   6.7008804e-01	   1.3432073e-01	   1.7486412e-01	   3.8136817e-01	   5.1022082e-01	   4.7358204e-01	   5.1298395e-01	   6.0127626e-01	   2.0932209e-01	   1.8789920e-01	   1.9771068e-01	   3.6361452e-01	   2.4465200e-01	   3.5974623e-01	   1.2061126e-01	   7.2582291e-01	   4.8234833e-01	   1.9471210e-01	   3.3005980e-01	   2.6016688e-01	   2.8047493e-01	   4.8157892e-01	   3.6188402e-01	   5.3323026e-01	   4.5730930e-01	   2.5355708e-01	   1.2562142e-01	   7.9214031e-01	   4.8582552e-01	   3.6354286e-01	   6.6857714e-01	   3.0285953e-01	   3.7927790e-01	   1.5923819e-01	   2.0152620e-01	   5.4568223e-01	   4.8903521e-01	   5.4931669e-01	   3.0591121e-01	   5.1384903e-01	   2.5354274e-01	   4.4668949e-01	   4.1985241e-01	   2.3998854e-01	   4.4314860e-01	
   5.5602640e-01	   3.4094473e-01	   5.4530234e-01	   0.0000000e+00	   5.4083266e-01	   6.0725764e-01	   3.1987739e-01	   1.6453072e-01	   2.5419433e-01	   5.6057599e-01	   3.7690286e-01	   4.9370019e-01	   2.7809492e-01	   3.2879250e-01	   5.0933293e-01	   1.6141132e-01	   3.0248918e-01	   4.9206392e-01	   4.0249126e-01	   2.4520615e-01	   5.8898116e-01	   6.0378833e-01	   6.5155414e-01	   4.7826725e-01	   3.6038907e-01	   4.1004838e-01	   7.3458399e-01	   7.7293668e-01	   3.9249290e-01	   3.0396788e-01	   6.1060702e-01	   7.2811003e-01	   3.5293266e-01	   3.5068331e-01	   4.7833059e-01	   4.9394191e-01	   1.7051679e-01	   5.3923603e-01	   4.1365875e-01	   6.0060877e-01	   3.8189529e-01	   5.4098053e-01	   7.6324697e-01	   3.3957353e-01	   3.9080345e-01	   3.4997071e-01	   6.8015715e-01	   4.1701998e-01	   2.5956764e-01	   4.6095963e-01	   4.4148006e-01	   4.0232714e-01	   3.5979002e-01	   4.5616573e-01	   3.7030357e-01	   3.1145066e-01	   5.5204549e-01	   5.4927256e-01	   7.3458399e-01	   5.3158458e-01	   4.7288807e-01	   4.2689811e-01	   1.2733174e-01	   4.2144843e-01	   5.7769755e-01	   6.4162735e-01	   6.8428623e-01	   5.4938838e-01	   2.7673636e-01	   5.3206538e-01	   3.2882935e-01	   5.6460731e-01	   5.6037383e-01	   3.9366597e-01	   4.8001494e-01	   4.2577391e-01	   6.0060877e-01	   3.1586676e-01	   7.7785819e-01	   5.7755279e-01	   5.5602640e-01	   6.2110303e-01	   3.8415589e-01	   1.6735328e-01	   3.7410319e-01	   3.0901902e-01	   5.2724800e-01	   2.4288968e-01	   5.4258430e-01	   5.8212254e-01	   3.1987739e-01	   7.4662634e-01	   1.5582257e-01	   4.0232714e-01	   4.6263911e-01	   5.3170995e-01	   2.4870253e-01	   6.1565500e-01	   4.7826725e-01	   5.2465241e-01	
   8.7929621e-02	   4.9081739e-01	   2.3935650e-01	   5.4083266e-01	   0.0000000e+00	   4.6933052e-01	   5.2717790e-01	   4.7654113e-01	   3.8334747e-01	   1.8626684e-01	   4.6759992e-01	   2.0821919e-01	   5.2963071e-01	   5.2844987e-01	   1.7680422e-01	   4.5443166e-01	   3.2036573e-01	   1.0246110e-01	   2.4493913e-01	   3.8647069e-01	   1.4310518e-01	   2.6222918e-01	   4.2271030e-01	   1.2702206e-01	   2.7836932e-01	   4.2503610e-01	   4.0082128e-01	   5.1969289e-01	   4.1461562e-01	   3.4513450e-01	   4.3787768e-01	   4.3475582e-01	   2.9270799e-01	   5.1612924e-01	   2.9424821e-01	   4.9025289e-01	   5.1926715e-01	   1.6306955e-01	   4.7791492e-01	   4.7288935e-01	   2.5005347e-01	   2.9582547e-01	   4.1774150e-01	   4.8602877e-01	   7.5492220e-01	   3.2922345e-01	   3.4340438e-01	   7.9075995e-01	   3.7598055e-01	   2.9754918e-01	   2.6412402e-01	   2.2652743e-01	   5.3076896e-01	   2.0392628e-01	   5.0622800e-01	   6.2006807e-01	   1.8951750e-01	   1.4354064e-01	   4.0082128e-01	   4.8800201e-01	   4.6244523e-01	   4.8112071e-01	   5.9548616e-01	   2.1452012e-01	   1.5637378e-01	   3.2614653e-01	   3.6793482e-01	   6.6680480e-02	   3.7555807e-01	   2.0560116e-01	   6.7845972e-01	   4.6861086e-01	   3.0600429e-01	   2.3596818e-01	   1.0453939e-01	   2.1232265e-01	   4.7288935e-01	   3.3535765e-01	   5.3137481e-01	   4.4939966e-01	   8.7929621e-02	   2.8250695e-01	   7.4753635e-01	   4.6654263e-01	   2.7049586e-01	   6.2178847e-01	   3.2336088e-01	   3.9076313e-01	   1.6051163e-01	   1.5418466e-01	   5.2717790e-01	   4.8433656e-01	   5.4186241e-01	   2.2652743e-01	   4.8147951e-01	   8.9662862e-02	   4.1998228e-01	   4.1648494e-01	   1.2702206e-01	   4.2872095e-01	
   4.8402746e-01	   4.2413417e-01	   4.7706978e-01	   6.0725764e-01	   4.6933052e-01	   0.0000000e+00	   4.6099380e-01	   5.3780595e-01	   4.9816340e-01	   4.7568845e-01	   3.9882690e-01	   4.8233199e-01	   6.2025273e-01	   4.6970478e-01	   4.8432405e-01	   5.3689822e-01	   5.1455606e-01	   4.7699484e-01	   4.9453283e-01	   5.0065549e-01	   4.8320429e-01	   4.8166698e-01	   2.3872533e-01	   4.8419017e-01	   4.9876147e-01	   4.0783473e-01	   4.0639998e-01	   2.8530707e-01	   4.1011635e-01	   4.8690565e-01	   1.4654845e-01	   2.7830183e-01	   4.9240490e-01	   4.2196570e-01	   4.9715161e-01	   3.6754761e-01	   6.1976995e-01	   4.7453427e-01	   4.0770099e-01	   1.2542351e-01	   5.0489405e-01	   4.9264356e-01	   4.2130895e-01	   4.3591106e-01	   7.7698682e-01	   4.9452916e-01	   5.4569223e-01	   7.6893614e-01	   4.9521115e-01	   4.7231112e-01	   4.9531515e-01	   5.0254598e-01	   4.5345458e-01	   4.8822546e-01	   4.2506318e-01	   6.8174548e-01	   4.8421019e-01	   4.8186193e-01	   4.0639998e-01	   3.5045862e-01	   3.4164068e-01	   3.9659493e-01	   6.4334096e-01	   4.8688574e-01	   4.7442317e-01	   5.3801547e-01	   4.0480150e-01	   4.7364217e-01	   4.8237596e-01	   4.9272473e-01	   7.2902653e-01	   1.0123555e-01	   4.9760845e-01	   5.0433809e-01	   4.8812119e-01	   4.9121228e-01	   1.2542351e-01	   5.1886909e-01	   2.7864127e-01	   7.1580109e-02	   4.8402746e-01	   5.1929165e-01	   7.6552993e-01	   5.8627339e-01	   5.1371812e-01	   6.7792097e-01	   3.7433312e-01	   5.0551532e-01	   4.7505878e-01	   4.7590622e-01	   4.6099380e-01	   3.5787853e-01	   5.6394691e-01	   5.0254598e-01	   3.7938972e-01	   4.8132092e-01	   5.7809598e-01	   3.3797095e-01	   4.8419017e-01	   2.7944471e-01	
   5.4521567e-01	   1.3355165e-01	   5.4568223e-01	   3.1987739e-01	   5.2717790e-01	   4.6099380e-01	   0.0000000e+00	   3.0606170e-01	   3.4906751e-01	   5.5664286e-01	   2.4348269e-01	   5.0774465e-01	   3.5123751e-01	   2.3060991e-01	   5.1941416e-01	   3.1036513e-01	   3.9093366e-01	   4.9504717e-01	   4.2184650e-01	   3.3729078e-01	   5.6808231e-01	   5.9025956e-01	   5.4599639e-01	   4.8632041e-01	   4.1291836e-01	   3.3913429e-01	   6.4542001e-01	   6.2897281e-01	   3.2851964e-01	   3.6229233e-01	   4.7827739e-01	   6.0944687e-01	   3.9227362e-01	   1.3007645e-01	   5.0285455e-01	   3.5625285e-01	   3.3349689e-01	   5.3667471e-01	   2.8721210e-01	   4.5533745e-01	   4.1008384e-01	   5.4351710e-01	   6.7166410e-01	   2.2501915e-01	   4.4517580e-01	   4.0737390e-01	   6.6967286e-01	   4.4617916e-01	   3.4645396e-01	   4.6946219e-01	   4.7920386e-01	   4.3009534e-01	   1.3131431e-01	   4.8201029e-01	   1.4346886e-01	   3.7589190e-01	   5.5206963e-01	   5.4407645e-01	   6.4542001e-01	   3.9220874e-01	   2.9594015e-01	   2.9961303e-01	   3.3773241e-01	   4.5257314e-01	   5.6309531e-01	   6.3891508e-01	   5.8928457e-01	   5.3690950e-01	   3.5188900e-01	   5.4374893e-01	   3.9777722e-01	   4.1542591e-01	   5.5867363e-01	   4.1855298e-01	   4.8750759e-01	   4.4726427e-01	   4.5533745e-01	   3.7987174e-01	   6.3695655e-01	   4.3140074e-01	   5.4521567e-01	   6.1556051e-01	   4.3413238e-01	   3.2870587e-01	   4.1015328e-01	   3.7566777e-01	   4.8669280e-01	   3.3956639e-01	   5.3879200e-01	   5.6496778e-01	   0.0000000e+00	   6.1079851e-01	   2.8964900e-01	   4.3009534e-01	   3.2606849e-01	   5.2562164e-01	   3.5470342e-01	   5.0380558e-01	   4.8632041e-01	   3.5686971e-01	
   4.9195924e-01	   3.1320058e-01	   4.7072021e-01	   1.6453072e-01	   4.7654113e-01	   5.3780595e-01	   3.0606170e-01	   0.0000000e+00	   1.7442349e-01	   4.8719427e-01	   3.4300361e-01	   4.2306994e-01	   3.3188688e-01	   3.2358754e-01	   4.3967980e-01	   8.3046084e-02	   2.6337968e-01	   4.3441143e-01	   3.6654061e-01	   1.6348518e-01	   5.2039547e-01	   5.2417522e-01	   5.7016267e-01	   4.2226427e-01	   3.1708636e-01	   3.5348505e-01	   6.3833062e-01	   6.8679465e-01	   3.3730335e-01	   2.3401626e-01	   5.4151117e-01	   6.3926019e-01	   3.2095907e-01	   3.2475016e-01	   4.0710310e-01	   4.4212603e-01	   2.4466191e-01	   4.6836253e-01	   3.7629145e-01	   5.3413061e-01	   3.5364614e-01	   4.6436733e-01	   6.6796421e-01	   3.1867418e-01	   4.7451767e-01	   2.7898465e-01	   5.9782190e-01	   4.8776356e-01	   1.7258656e-01	   3.7826048e-01	   3.7618516e-01	   3.6517094e-01	   3.3599484e-01	   3.9371676e-01	   3.3644899e-01	   3.8189529e-01	   4.7830019e-01	   4.7892307e-01	   6.3833062e-01	   4.6860957e-01	   4.0962850e-01	   3.8727573e-01	   1.9802609e-01	   3.6724580e-01	   5.0279671e-01	   5.6283054e-01	   6.0187556e-01	   4.8381334e-01	   1.9033740e-01	   4.5981987e-01	   4.1074231e-01	   4.9887565e-01	   4.8072257e-01	   3.6065126e-01	   4.2613239e-01	   3.8259911e-01	   5.3413061e-01	   2.9700700e-01	   6.9539220e-01	   5.0763246e-01	   4.9195924e-01	   5.4208377e-01	   4.6640754e-01	   2.1698313e-01	   3.5014553e-01	   3.8183023e-01	   4.3619037e-01	   1.6684925e-01	   4.7087465e-01	   5.0903305e-01	   3.0606170e-01	   6.5899237e-01	   1.5155676e-01	   3.6517094e-01	   4.1918224e-01	   4.6860439e-01	   2.6615338e-01	   5.3332343e-01	   4.2226427e-01	   4.4888161e-01	
   3.9997837e-01	   3.3766423e-01	   3.6852556e-01	   2.5419433e-01	   3.8334747e-01	   4.9816340e-01	   3.4906751e-01	   1.7442349e-01	   0.0000000e+00	   3.8505390e-01	   3.5636508e-01	   3.2376538e-01	   3.7165432e-01	   3.6711873e-01	   3.4220067e-01	   1.4826666e-01	   1.8189223e-01	   3.4373065e-01	   2.9686008e-01	   5.1516568e-02	   4.2907131e-01	   4.2023613e-01	   5.0844110e-01	   3.3590466e-01	   2.2968845e-01	   3.4650292e-01	   5.5543654e-01	   6.2997679e-01	   3.2887910e-01	   1.3113885e-01	   4.9285876e-01	   5.6787321e-01	   2.5536917e-01	   3.5657246e-01	   2.9953617e-01	   4.4648597e-01	   2.9571894e-01	   3.6952551e-01	   3.8745092e-01	   4.9689072e-01	   2.9663751e-01	   3.5937212e-01	   5.8366206e-01	   3.4689790e-01	   5.5722057e-01	   1.6785219e-01	   4.9096552e-01	   5.8046099e-01	   4.9033817e-02	   2.6959386e-01	   2.7082271e-01	   2.9556933e-01	   3.6894787e-01	   2.9846212e-01	   3.6187732e-01	   4.4711386e-01	   3.7785819e-01	   3.8013802e-01	   5.5543654e-01	   4.6218442e-01	   3.9296964e-01	   3.9950696e-01	   3.0815703e-01	   2.7526105e-01	   4.0435370e-01	   4.5652291e-01	   5.2665467e-01	   3.9176046e-01	   5.3637092e-02	   3.5914612e-01	   4.8790391e-01	   4.6838711e-01	   3.7553064e-01	   3.0076961e-01	   3.3985712e-01	   3.0331135e-01	   4.9689072e-01	   2.3984963e-01	   6.3725803e-01	   4.6801051e-01	   3.9997837e-01	   4.3639036e-01	   5.4870746e-01	   2.4650498e-01	   3.0058421e-01	   4.4209999e-01	   3.5005034e-01	   6.4330987e-02	   3.7318208e-01	   4.1072756e-01	   3.4906751e-01	   6.0405220e-01	   2.6425475e-01	   2.9556933e-01	   4.2488068e-01	   3.7788064e-01	   2.5721797e-01	   4.8613223e-01	   3.3590466e-01	   4.1972684e-01	
   1.9815762e-01	   5.1921464e-01	   1.3428464e-01	   5.6057599e-01	   1.8626684e-01	   4.7568845e-01	   5.5664286e-01	   4.8719427e-01	   3.8505390e-01	   0.0000000e+00	   5.0423356e-01	   1.4089913e-01	   5.7821021e-01	   5.6849707e-01	   1.2604998e-01	   4.6689575e-01	   3.2354259e-01	   1.9205507e-01	   2.9423379e-01	   3.9144017e-01	   2.1659742e-01	   1.5682648e-01	   4.1466969e-01	   2.0409260e-01	   2.8653410e-01	   4.5053618e-01	   3.7367697e-01	   5.1606819e-01	   4.4162003e-01	   3.4300361e-01	   4.3907440e-01	   4.2405988e-01	   3.2714451e-01	   5.4168794e-01	   2.3736352e-01	   5.2124011e-01	   5.5160517e-01	   8.6994358e-02	   5.1275121e-01	   4.8136246e-01	   3.2482105e-01	   2.3064669e-01	   3.9241725e-01	   5.2403533e-01	   8.0511951e-01	   3.1266617e-01	   2.5675583e-01	   8.3853214e-01	   3.7772026e-01	   2.5888276e-01	   2.0801539e-01	   2.8976194e-01	   5.6079537e-01	   1.7054166e-01	   5.3344952e-01	   6.7391294e-01	   6.6580448e-02	   1.2786834e-01	   3.7367697e-01	   5.1284810e-01	   4.7891041e-01	   5.1600831e-01	   6.1721494e-01	   2.0842279e-01	   1.1416954e-01	   2.4191982e-01	   3.4832899e-01	   1.9095399e-01	   3.7515450e-01	   1.0065330e-01	   7.3062224e-01	   4.8196880e-01	   2.3920710e-01	   3.1218325e-01	   2.2162762e-01	   2.6208819e-01	   4.8136246e-01	   3.6368784e-01	   5.2462931e-01	   4.5731460e-01	   1.9815762e-01	   1.7593503e-01	   7.9752846e-01	   4.9506186e-01	   3.4822634e-01	   6.7247552e-01	   3.0509604e-01	   3.9585936e-01	   1.0056898e-01	   1.3268225e-01	   5.5664286e-01	   4.7884842e-01	   5.6260657e-01	   2.8976194e-01	   5.1433934e-01	   2.0331923e-01	   4.5303079e-01	   4.2204610e-01	   2.0409260e-01	   4.4262598e-01	
   4.8553982e-01	   2.1471775e-01	   4.9831785e-01	   3.7690286e-01	   4.6759992e-01	   3.9882690e-01	   2.4348269e-01	   3.4300361e-01	   3.5636508e-01	   5.0423356e-01	   0.0000000e+00	   4.6793671e-01	   3.7356507e-01	   1.3826852e-01	   4.7302771e-01	   3.4361605e-01	   3.8767762e-01	   4.4454517e-01	   3.9545966e-01	   3.4440514e-01	   5.0382602e-01	   5.3438239e-01	   4.7400791e-01	   4.3899435e-01	   3.9777570e-01	   2.4032662e-01	   5.6446241e-01	   5.3148654e-01	   2.2689626e-01	   3.6121029e-01	   4.2319023e-01	   5.2465010e-01	   3.7584998e-01	   2.2248443e-01	   4.7953503e-01	   2.2288986e-01	   3.7779084e-01	   4.8497168e-01	   1.2510909e-01	   3.9176201e-01	   3.7452892e-01	   5.0836483e-01	   5.9397422e-01	   9.6133170e-02	   4.8532263e-01	   4.0782284e-01	   6.1815078e-01	   4.6855008e-01	   3.5384655e-01	   4.4549146e-01	   4.5475555e-01	   3.9591752e-01	   2.4163663e-01	   4.4383173e-01	   2.3208970e-01	   4.0572251e-01	   5.0027168e-01	   4.9290178e-01	   5.6446241e-01	   2.6943423e-01	   3.0219257e-01	   1.4002343e-01	   3.9937195e-01	   4.1732790e-01	   5.0030560e-01	   5.9081466e-01	   5.1663146e-01	   4.7635672e-01	   3.5130650e-01	   4.9746596e-01	   4.4050177e-01	   3.5974287e-01	   5.2273754e-01	   3.8033244e-01	   4.3521828e-01	   4.1294037e-01	   3.9176201e-01	   3.7655544e-01	   5.3974706e-01	   3.7300831e-01	   4.8553982e-01	   5.6595255e-01	   4.7521054e-01	   3.6928111e-01	   3.7274343e-01	   4.0865550e-01	   4.3738616e-01	   3.5020610e-01	   4.8626309e-01	   5.0242660e-01	   2.4348269e-01	   4.9204914e-01	   3.3333152e-01	   3.9591752e-01	   1.6568307e-01	   4.6620093e-01	   3.7687392e-01	   3.8333640e-01	   4.3899435e-01	   2.9865086e-01	
   2.2762680e-01	   4.7235730e-01	   1.2289062e-01	   4.9370019e-01	   2.0821919e-01	   4.8233199e-01	   5.0774465e-01	   4.2306994e-01	   3.2376538e-01	   1.4089913e-01	   4.6793671e-01	   0.0000000e+00	   5.1966607e-01	   5.2143653e-01	   9.8357601e-02	   4.0154473e-01	   2.4598331e-01	   1.8480702e-01	   2.5451355e-01	   3.2775701e-01	   2.5774510e-01	   1.7990933e-01	   4.3585407e-01	   1.8580434e-01	   2.1261639e-01	   4.1868759e-01	   4.0939472e-01	   5.4446165e-01	   4.0739769e-01	   2.8046629e-01	   4.5063032e-01	   4.6004120e-01	   2.7513996e-01	   4.9663945e-01	   1.9240496e-01	   5.0164209e-01	   4.8330209e-01	   1.2585755e-01	   4.7966642e-01	   4.8669529e-01	   2.8144111e-01	   2.1247100e-01	   4.3416029e-01	   4.7996950e-01	   7.4718205e-01	   2.5074071e-01	   2.8027827e-01	   7.8293142e-01	   3.1610262e-01	   2.2087724e-01	   1.3474410e-01	   2.4653939e-01	   5.1425098e-01	   9.7061530e-02	   4.8962958e-01	   6.1443930e-01	   1.2161187e-01	   1.4703553e-01	   4.0939472e-01	   4.9670777e-01	   4.5205337e-01	   4.8696911e-01	   5.4935971e-01	   1.3785597e-01	   1.8218847e-01	   2.5589301e-01	   3.8016831e-01	   2.1752420e-01	   3.1721627e-01	   9.3370585e-02	   6.7019654e-01	   4.7951860e-01	   2.3078589e-01	   2.7114023e-01	   2.1068396e-01	   2.2562152e-01	   4.8669529e-01	   3.0191173e-01	   5.5343112e-01	   4.5956152e-01	   2.2762680e-01	   1.9647480e-01	   7.3967468e-01	   4.2606555e-01	   3.0432449e-01	   6.1353434e-01	   3.0627742e-01	   3.3149778e-01	   1.3185308e-01	   1.9333174e-01	   5.0774465e-01	   5.0649844e-01	   5.0132673e-01	   2.4653939e-01	   4.9039748e-01	   2.2106918e-01	   3.8678883e-01	   4.2710671e-01	   1.8580434e-01	   4.2939882e-01	
   5.4324167e-01	   3.6787059e-01	   5.7561389e-01	   2.7809492e-01	   5.2963071e-01	   6.2025273e-01	   3.5123751e-01	   3.3188688e-01	   3.7165432e-01	   5.7821021e-01	   3.7356507e-01	   5.1966607e-01	   0.0000000e+00	   3.1997020e-01	   5.2458773e-01	   3.1686653e-01	   3.5438725e-01	   4.7809999e-01	   3.6738437e-01	   3.6082762e-01	   5.8440698e-01	   6.3034506e-01	   6.6515256e-01	   4.6379154e-01	   3.7954620e-01	   4.1579914e-01	   7.5765504e-01	   7.7484163e-01	   3.9869470e-01	   3.9079880e-01	   6.2082103e-01	   7.3765839e-01	   3.2916639e-01	   3.8176993e-01	   5.3681921e-01	   4.7606025e-01	   2.1401676e-01	   5.4997151e-01	   4.0033270e-01	   6.1121601e-01	   3.3486764e-01	   5.8939253e-01	   7.8195412e-01	   3.3678020e-01	   2.9766523e-01	   4.3634037e-01	   7.1769305e-01	   3.9682098e-01	   3.7643957e-01	   5.2664086e-01	   4.9156371e-01	   3.6815049e-01	   3.9180995e-01	   4.7354749e-01	   4.0169108e-01	   1.5481999e-01	   5.6932462e-01	   5.5478380e-01	   7.5765504e-01	   5.2063527e-01	   5.0485204e-01	   4.1503045e-01	   3.0587951e-01	   4.3475163e-01	   5.8528658e-01	   6.8011795e-01	   6.8788160e-01	   5.3909556e-01	   3.8547697e-01	   5.5853912e-01	   2.1273036e-01	   5.8101293e-01	   6.1012058e-01	   3.4944398e-01	   4.6254349e-01	   3.9835717e-01	   6.1121601e-01	   3.0599241e-01	   7.7780600e-01	   5.9446980e-01	   5.4324167e-01	   6.5059743e-01	   2.9510360e-01	   2.3304067e-01	   3.2602389e-01	   1.5627300e-01	   5.6751992e-01	   3.6045968e-01	   5.5257757e-01	   5.8644183e-01	   3.5123751e-01	   7.4481845e-01	   3.1101262e-01	   3.6815049e-01	   4.4410606e-01	   5.1877682e-01	   2.2866525e-01	   6.1884635e-01	   4.6379154e-01	   5.4017685e-01	
   5.4536012e-01	   2.2830193e-01	   5.5847945e-01	   3.2879250e-01	   5.2844987e-01	   4.6970478e-01	   2.3060991e-01	   3.2358754e-01	   3.6711873e-01	   5.6849707e-01	   1.3826852e-01	   5.2143653e-01	   3.1997020e-01	   0.0000000e+00	   5.2955520e-01	   3.2568732e-01	   4.0348213e-01	   4.9664555e-01	   4.2963158e-01	   3.5351761e-01	   5.6748469e-01	   6.0367793e-01	   5.4972136e-01	   4.8755481e-01	   4.2525416e-01	   2.6589372e-01	   6.5440015e-01	   6.1965360e-01	   2.5220569e-01	   3.8281126e-01	   4.9623178e-01	   6.1321723e-01	   4.0008288e-01	   2.2641506e-01	   5.2988120e-01	   2.6872941e-01	   3.2946078e-01	   5.4579437e-01	   1.7211898e-01	   4.5843018e-01	   3.9803610e-01	   5.6841393e-01	   6.8579256e-01	   8.2379448e-02	   3.8941798e-01	   4.3832856e-01	   6.9018208e-01	   3.5954912e-01	   3.6796940e-01	   5.0003423e-01	   4.9964874e-01	   4.2755194e-01	   2.4443891e-01	   4.9122215e-01	   2.5239061e-01	   3.2812839e-01	   5.6299846e-01	   5.5486134e-01	   6.5440015e-01	   3.2305530e-01	   3.6550928e-01	   1.8896998e-01	   3.3433162e-01	   4.6045195e-01	   5.6717175e-01	   6.5829228e-01	   6.0123292e-01	   5.3684856e-01	   3.6841374e-01	   5.5568194e-01	   3.5221085e-01	   4.2313439e-01	   5.8568191e-01	   4.0817185e-01	   4.8382962e-01	   4.5108457e-01	   4.5843018e-01	   3.8734926e-01	   6.2608380e-01	   4.4296808e-01	   5.4536012e-01	   6.3367186e-01	   3.7813711e-01	   3.3739136e-01	   3.8965908e-01	   3.3046343e-01	   5.0301960e-01	   3.5740245e-01	   5.4762420e-01	   5.6952893e-01	   2.3060991e-01	   5.8651105e-01	   2.8293559e-01	   4.2755194e-01	   2.2564301e-01	   5.2205901e-01	   3.6103579e-01	   4.6604234e-01	   4.8755481e-01	   3.8005353e-01	
   2.0025941e-01	   4.8424147e-01	   1.5418466e-01	   5.0933293e-01	   1.7680422e-01	   4.8432405e-01	   5.1941416e-01	   4.3967980e-01	   3.4220067e-01	   1.2604998e-01	   4.7302771e-01	   9.8357601e-02	   5.2458773e-01	   5.2955520e-01	   0.0000000e+00	   4.1907237e-01	   2.6683776e-01	   1.5770878e-01	   2.4637712e-01	   3.4690314e-01	   2.3492075e-01	   2.0190169e-01	   4.3564410e-01	   1.6208562e-01	   2.2697636e-01	   4.2394412e-01	   4.0906749e-01	   5.4266582e-01	   4.1469307e-01	   3.0270744e-01	   4.5119873e-01	   4.5522565e-01	   2.7532708e-01	   5.0810850e-01	   2.2829928e-01	   5.0592269e-01	   4.9478639e-01	   9.4761945e-02	   4.8559098e-01	   4.8805416e-01	   2.7139041e-01	   2.4333084e-01	   4.3082167e-01	   4.8787659e-01	   7.5290087e-01	   2.7782897e-01	   2.9955842e-01	   7.8986062e-01	   3.3436605e-01	   2.4859774e-01	   1.7814258e-01	   2.3800849e-01	   5.2565161e-01	   9.7727216e-02	   5.0025230e-01	   6.1973085e-01	   1.0489236e-01	   1.0327397e-01	   4.0906749e-01	   5.0259541e-01	   4.6480685e-01	   4.9051855e-01	   5.6331264e-01	   1.3958134e-01	   1.5923438e-01	   2.7833884e-01	   3.7717766e-01	   1.9046152e-01	   3.3538655e-01	   1.0103184e-01	   6.7588362e-01	   4.8206057e-01	   2.5730511e-01	   2.5968200e-01	   1.8584020e-01	   2.1447775e-01	   4.8805416e-01	   3.0785998e-01	   5.5038891e-01	   4.6301485e-01	   2.0025941e-01	   2.2001692e-01	   7.4567216e-01	   4.3820137e-01	   2.9364217e-01	   6.1921146e-01	   3.1332824e-01	   3.4916470e-01	   8.6519433e-02	   1.7064821e-01	   5.1941416e-01	   5.0472601e-01	   5.1378653e-01	   2.3800849e-01	   4.9230521e-01	   1.9700761e-01	   3.9401060e-01	   4.2848486e-01	   1.6208562e-01	   4.3730858e-01	
   4.6946606e-01	   3.1428789e-01	   4.5099994e-01	   1.6141132e-01	   4.5443166e-01	   5.3689822e-01	   3.1036513e-01	   8.3046084e-02	   1.4826666e-01	   4.6689575e-01	   3.4361605e-01	   4.0154473e-01	   3.1686653e-01	   3.2568732e-01	   4.1907237e-01	   0.0000000e+00	   2.3436038e-01	   4.1091045e-01	   3.4061045e-01	   1.3729221e-01	   5.0052839e-01	   5.0537386e-01	   5.6587331e-01	   3.9954791e-01	   2.8997933e-01	   3.4887998e-01	   6.3141404e-01	   6.8667200e-01	   3.3042676e-01	   2.0813478e-01	   5.3781834e-01	   6.3496048e-01	   2.9614278e-01	   3.3002308e-01	   3.8461619e-01	   4.4720194e-01	   2.3140205e-01	   4.4759741e-01	   3.7725155e-01	   5.3286423e-01	   3.2856943e-01	   4.4447974e-01	   6.6121284e-01	   3.1866087e-01	   4.7295085e-01	   2.5461828e-01	   5.7953224e-01	   4.9407192e-01	   1.4775083e-01	   3.5909888e-01	   3.5200263e-01	   3.3878213e-01	   3.3943789e-01	   3.7167878e-01	   3.4233521e-01	   3.7321780e-01	   4.5888728e-01	   4.5832972e-01	   6.3141404e-01	   4.7402069e-01	   4.1433347e-01	   3.8989071e-01	   2.0361108e-01	   3.4282868e-01	   4.8211964e-01	   5.4353159e-01	   5.9246866e-01	   4.6228797e-01	   1.7005065e-01	   4.4018390e-01	   4.0541624e-01	   4.9882342e-01	   4.6191558e-01	   3.3589925e-01	   4.0223224e-01	   3.5722440e-01	   5.3286423e-01	   2.7094351e-01	   6.9502352e-01	   5.0649844e-01	   4.6946606e-01	   5.2292529e-01	   4.6500626e-01	   1.9777809e-01	   3.2496652e-01	   3.7181080e-01	   4.2433984e-01	   1.4105816e-01	   4.5097575e-01	   4.8887039e-01	   3.1036513e-01	   6.5863276e-01	   1.7659161e-01	   3.3878213e-01	   4.2150738e-01	   4.4624027e-01	   2.4137570e-01	   5.3219860e-01	   3.9954791e-01	   4.5189115e-01	
   3.3866585e-01	   3.7169345e-01	   3.0916997e-01	   3.0248918e-01	   3.2036573e-01	   5.1455606e-01	   3.9093366e-01	   2.6337968e-01	   1.8189223e-01	   3.2354259e-01	   3.8767762e-01	   2.4598331e-01	   3.5438725e-01	   4.0348213e-01	   2.6683776e-01	   2.3436038e-01	   0.0000000e+00	   2.6725978e-01	   2.0643350e-01	   1.8621803e-01	   3.7775234e-01	   3.6555735e-01	   5.1466556e-01	   2.5448736e-01	   1.0471892e-01	   3.6908580e-01	   5.4692225e-01	   6.3760689e-01	   3.5268878e-01	   1.6992945e-01	   4.9995183e-01	   5.6873150e-01	   1.6795684e-01	   3.9413514e-01	   2.6018085e-01	   4.7081674e-01	   2.8529645e-01	   3.0194986e-01	   4.1162059e-01	   5.1442297e-01	   2.2216283e-01	   3.2392816e-01	   5.7430711e-01	   3.7771866e-01	   5.7375294e-01	   1.7486412e-01	   4.4843729e-01	   6.1478829e-01	   1.8563142e-01	   2.6477474e-01	   1.9949244e-01	   2.0795712e-01	   4.0855763e-01	   2.0719817e-01	   3.9583946e-01	   4.4664879e-01	   3.1287540e-01	   3.0693156e-01	   5.4692225e-01	   4.8703754e-01	   4.2237044e-01	   4.2578103e-01	   3.6212003e-01	   1.7156892e-01	   3.4729418e-01	   4.1257925e-01	   5.0441138e-01	   3.3251433e-01	   1.9346333e-01	   2.9183311e-01	   4.9462472e-01	   4.8931763e-01	   3.4414466e-01	   2.2627854e-01	   2.6699893e-01	   2.1039616e-01	   5.1442297e-01	   1.4433206e-01	   6.4378818e-01	   4.8556977e-01	   3.3866585e-01	   3.8165405e-01	   5.6715145e-01	   2.2664777e-01	   2.3178665e-01	   4.4463239e-01	   3.6357619e-01	   1.8295843e-01	   3.0438621e-01	   3.5319867e-01	   3.9093366e-01	   6.0722072e-01	   3.3352051e-01	   2.0795712e-01	   4.4506418e-01	   3.1783265e-01	   1.9955318e-01	   4.9114567e-01	   2.5448736e-01	   4.4113955e-01	
   1.3630447e-01	   4.5920143e-01	   2.3229325e-01	   4.9206392e-01	   1.0246110e-01	   4.7699484e-01	   4.9504717e-01	   4.3441143e-01	   3.4373065e-01	   1.9205507e-01	   4.4454517e-01	   1.8480702e-01	   4.7809999e-01	   4.9664555e-01	   1.5770878e-01	   4.1091045e-01	   2.6725978e-01	   0.0000000e+00	   1.8980503e-01	   3.4690314e-01	   1.9117281e-01	   2.6946572e-01	   4.4062005e-01	   5.6999792e-02	   2.2542808e-01	   4.0853687e-01	   4.3466800e-01	   5.4866881e-01	   3.9721779e-01	   3.0496096e-01	   4.4702983e-01	   4.6636856e-01	   2.3897394e-01	   4.8579309e-01	   2.7104636e-01	   4.8258067e-01	   4.6812572e-01	   1.5894111e-01	   4.5858348e-01	   4.7924432e-01	   1.9294272e-01	   2.8767375e-01	   4.5506191e-01	   4.5687582e-01	   7.0818352e-01	   2.9079520e-01	   3.5569624e-01	   7.5062955e-01	   3.3796019e-01	   2.8086137e-01	   2.2939015e-01	   1.6641653e-01	   5.0100271e-01	   1.6458596e-01	   4.7902174e-01	   5.7158070e-01	   1.8822461e-01	   1.3807995e-01	   4.3466800e-01	   4.8549614e-01	   4.5040033e-01	   4.6397832e-01	   5.4736301e-01	   1.6472579e-01	   1.8036007e-01	   3.3180289e-01	   3.9432419e-01	   1.2449736e-01	   3.3929505e-01	   1.9573634e-01	   6.2962659e-01	   4.7091840e-01	   3.0173104e-01	   1.8045747e-01	   8.2224841e-02	   1.5310409e-01	   4.7924432e-01	   2.8155089e-01	   5.5732495e-01	   4.5529220e-01	   1.3630447e-01	   2.8824610e-01	   7.0112122e-01	   4.1535735e-01	   2.1392614e-01	   5.7299417e-01	   3.2475389e-01	   3.5068503e-01	   1.5567863e-01	   1.8268002e-01	   4.9504717e-01	   5.1455135e-01	   4.9957476e-01	   1.6641653e-01	   4.6752086e-01	   1.2467731e-01	   3.6339282e-01	   4.3390621e-01	   5.6999792e-02	   4.2940869e-01	
   2.6774452e-01	   3.9554545e-01	   3.0957539e-01	   4.0249126e-01	   2.4493913e-01	   4.9453283e-01	   4.2184650e-01	   3.6654061e-01	   2.9686008e-01	   2.9423379e-01	   3.9545966e-01	   2.5451355e-01	   3.6738437e-01	   4.2963158e-01	   2.4637712e-01	   3.4061045e-01	   2.0643350e-01	   1.8980503e-01	   0.0000000e+00	   2.9685600e-01	   3.1287152e-01	   3.5459066e-01	   4.8300989e-01	   1.7836693e-01	   1.6964395e-01	   3.8298059e-01	   5.0990364e-01	   5.9790095e-01	   3.7061761e-01	   2.7089877e-01	   4.7453427e-01	   5.2633703e-01	   1.2361330e-01	   4.2394412e-01	   3.0988840e-01	   4.6327520e-01	   3.5425557e-01	   2.6689906e-01	   4.1921549e-01	   4.9293866e-01	   1.4389058e-01	   3.4558189e-01	   5.3083631e-01	   3.9687289e-01	   6.0194905e-01	   2.7491303e-01	   4.4279843e-01	   6.5931227e-01	   2.9303901e-01	   3.1265648e-01	   2.5962832e-01	   9.9204099e-02	   4.3549664e-01	   2.1042784e-01	   4.1861522e-01	   4.6262732e-01	   2.8938739e-01	   2.5582907e-01	   5.0990364e-01	   4.7408204e-01	   4.2483504e-01	   4.2737334e-01	   4.6238496e-01	   1.7208025e-01	   3.0050558e-01	   4.1355180e-01	   4.5249414e-01	   2.6094824e-01	   2.9734547e-01	   2.8605578e-01	   5.2021147e-01	   4.7605771e-01	   3.6310091e-01	   1.4146565e-01	   1.9167611e-01	   8.5277935e-02	   4.9293866e-01	   1.6899623e-01	   6.0452849e-01	   4.6781627e-01	   2.6774452e-01	   3.7703305e-01	   5.9655463e-01	   3.0718020e-01	   1.6109192e-01	   4.6448736e-01	   3.6395098e-01	   2.9524114e-01	   2.6633772e-01	   3.0180735e-01	   4.2184650e-01	   5.6630146e-01	   4.2230588e-01	   9.9204099e-02	   4.3932963e-01	   2.4897768e-01	   2.3831888e-01	   4.6365564e-01	   1.7836693e-01	   4.2359810e-01	
   4.0353469e-01	   3.2649376e-01	   3.7371102e-01	   2.4520615e-01	   3.8647069e-01	   5.0065549e-01	   3.3729078e-01	   1.6348518e-01	   5.1516568e-02	   3.9144017e-01	   3.4440514e-01	   3.2775701e-01	   3.6082762e-01	   3.5351761e-01	   3.4690314e-01	   1.3729221e-01	   1.8621803e-01	   3.4690314e-01	   2.9685600e-01	   0.0000000e+00	   4.3229031e-01	   4.2561734e-01	   5.1349515e-01	   3.3815197e-01	   2.3302507e-01	   3.3506662e-01	   5.6040411e-01	   6.3361352e-01	   3.1676516e-01	   1.2616529e-01	   4.9675290e-01	   5.7262288e-01	   2.5649139e-01	   3.4783636e-01	   3.0403764e-01	   4.3791642e-01	   2.8742300e-01	   3.7511735e-01	   3.7573228e-01	   4.9903474e-01	   2.9506048e-01	   3.6367951e-01	   5.8974093e-01	   3.3287130e-01	   5.4301854e-01	   1.7128969e-01	   4.9646129e-01	   5.6459013e-01	   4.8512033e-02	   2.7238436e-01	   2.7636389e-01	   2.9483861e-01	   3.5790054e-01	   3.0172100e-01	   3.5055888e-01	   4.3335287e-01	   3.8376768e-01	   3.8545339e-01	   5.6040411e-01	   4.5550509e-01	   3.8910510e-01	   3.8865168e-01	   2.9711715e-01	   2.7773300e-01	   4.0921559e-01	   4.6116333e-01	   5.2680422e-01	   3.9516383e-01	   7.0779925e-02	   3.6510622e-01	   4.7313530e-01	   4.6962995e-01	   3.8041686e-01	   2.9975254e-01	   3.4166728e-01	   3.0527076e-01	   4.9903474e-01	   2.4060632e-01	   6.4161318e-01	   4.6995368e-01	   4.0353469e-01	   4.4189299e-01	   5.3483008e-01	   2.4104160e-01	   2.9824075e-01	   4.3029534e-01	   3.5434108e-01	   7.0565583e-02	   3.7861113e-01	   4.1629285e-01	   3.3729078e-01	   6.0471188e-01	   2.5380788e-01	   2.9483861e-01	   4.1523042e-01	   3.8063820e-01	   2.5154895e-01	   4.8312403e-01	   3.3815197e-01	   4.1648639e-01	
   1.2514299e-01	   5.3098354e-01	   2.7035694e-01	   5.8898116e-01	   1.4310518e-01	   4.8320429e-01	   5.6808231e-01	   5.2039547e-01	   4.2907131e-01	   2.1659742e-01	   5.0382602e-01	   2.5774510e-01	   5.8440698e-01	   5.6748469e-01	   2.3492075e-01	   5.0052839e-01	   3.7775234e-01	   1.9117281e-01	   3.1287152e-01	   4.3229031e-01	   0.0000000e+00	   2.7513555e-01	   4.2770781e-01	   2.1222846e-01	   3.3495991e-01	   4.5907474e-01	   3.9393370e-01	   5.1828604e-01	   4.4739566e-01	   3.8752911e-01	   4.4708947e-01	   4.3158470e-01	   3.5514558e-01	   5.5505023e-01	   3.1980730e-01	   5.1553957e-01	   5.7233393e-01	   2.0886422e-01	   5.1043335e-01	   4.8727386e-01	   3.1831842e-01	   3.0909353e-01	   4.1254400e-01	   5.2452420e-01	   8.0502393e-01	   3.6912684e-01	   3.4292588e-01	   8.3347529e-01	   4.2210640e-01	   3.2502059e-01	   3.0531443e-01	   2.9741271e-01	   5.7001493e-01	   2.6400699e-01	   5.4627265e-01	   6.7247192e-01	   2.2722983e-01	   2.0555695e-01	   3.9393370e-01	   5.1112377e-01	   4.9485864e-01	   5.1260466e-01	   6.4024331e-01	   2.7715643e-01	   1.6609582e-01	   3.3164945e-01	   3.6696025e-01	   1.2168160e-01	   4.2066847e-01	   2.4565548e-01	   7.3031782e-01	   4.8749516e-01	   3.1543677e-01	   3.0650880e-01	   1.8732755e-01	   2.8391686e-01	   4.8727386e-01	   3.9771172e-01	   5.3086941e-01	   4.6480946e-01	   1.2514299e-01	   2.9445200e-01	   7.9796216e-01	   5.2124359e-01	   3.3615530e-01	   6.7499102e-01	   3.3727461e-01	   4.3690657e-01	   2.0988579e-01	   1.5575256e-01	   5.6808231e-01	   4.8223148e-01	   5.8574812e-01	   2.9741271e-01	   5.0942571e-01	   1.2674030e-01	   4.8019542e-01	   4.3216274e-01	   2.1222846e-01	   4.5428496e-01	
   2.7365826e-01	   5.4951189e-01	   9.9350580e-02	   6.0378833e-01	   2.6222918e-01	   4.8166698e-01	   5.9025956e-01	   5.2417522e-01	   4.2023613e-01	   1.5682648e-01	   5.3438239e-01	   1.7990933e-01	   6.3034506e-01	   6.0367793e-01	   2.0190169e-01	   5.0537386e-01	   3.6555735e-01	   2.6946572e-01	   3.5459066e-01	   4.2561734e-01	   2.7513555e-01	   0.0000000e+00	   4.0636419e-01	   2.8029124e-01	   3.2904303e-01	   4.7458535e-01	   3.5171332e-01	   5.0554529e-01	   4.6457214e-01	   3.6747507e-01	   4.4342881e-01	   4.0799367e-01	   3.7856631e-01	   5.7127107e-01	   2.1374763e-01	   5.4505116e-01	   6.0176481e-01	   1.8547794e-01	   5.3996593e-01	   4.8871916e-01	   3.8984875e-01	   1.8333889e-01	   3.7142274e-01	   5.5690731e-01	   8.5715000e-01	   3.2990556e-01	   1.7115168e-01	   8.8436375e-01	   4.1246762e-01	   2.5191482e-01	   2.1596426e-01	   3.5249459e-01	   5.9196220e-01	   2.3309007e-01	   5.6202038e-01	   7.2641956e-01	   1.6385539e-01	   2.0595156e-01	   3.5171332e-01	   5.2882926e-01	   4.9776428e-01	   5.4336100e-01	   6.6036739e-01	   2.6368548e-01	   1.9546373e-01	   1.6347036e-01	   3.4252809e-01	   2.6470150e-01	   4.0862733e-01	   1.6523263e-01	   7.8349850e-01	   4.9482068e-01	   1.9263786e-01	   3.7728528e-01	   2.9807207e-01	   3.2488634e-01	   4.8871916e-01	   4.1245733e-01	   5.1458314e-01	   4.6547903e-01	   2.7365826e-01	   8.7895159e-02	   8.4944471e-01	   5.4378013e-01	   4.1277306e-01	   7.2509125e-01	   3.1308061e-01	   4.3241504e-01	   1.9298668e-01	   2.0748456e-01	   5.9025956e-01	   4.6868456e-01	   6.0405521e-01	   3.5249459e-01	   5.4048412e-01	   2.7829530e-01	   5.0149471e-01	   4.1866299e-01	   2.8029124e-01	   4.5725232e-01	
   4.3754683e-01	   5.0629024e-01	   4.1544050e-01	   6.5155414e-01	   4.2271030e-01	   2.3872533e-01	   5.4599639e-01	   5.7016267e-01	   5.0844110e-01	   4.1466969e-01	   4.7400791e-01	   4.3585407e-01	   6.6515256e-01	   5.4972136e-01	   4.3564410e-01	   5.6587331e-01	   5.1466556e-01	   4.4062005e-01	   4.8300989e-01	   5.1349515e-01	   4.2770781e-01	   4.0636419e-01	   0.0000000e+00	   4.5170607e-01	   4.9123942e-01	   4.3910062e-01	   3.2560917e-01	   3.1389434e-01	   4.4198074e-01	   4.8504913e-01	   1.9257179e-01	   1.9501683e-01	   4.9157604e-01	   5.1160721e-01	   4.4912856e-01	   4.3861323e-01	   6.6107170e-01	   4.1868759e-01	   4.7817476e-01	   2.5861112e-01	   5.0235182e-01	   4.2776872e-01	   3.3101853e-01	   5.1038112e-01	   8.4899305e-01	   4.8061921e-01	   4.5746297e-01	   8.5539224e-01	   5.0469959e-01	   4.2963158e-01	   4.5853327e-01	   4.8936468e-01	   5.4209942e-01	   4.5210028e-01	   5.1268266e-01	   7.3931908e-01	   4.2441266e-01	   4.2377829e-01	   3.2560917e-01	   4.0925113e-01	   4.2109317e-01	   4.7131454e-01	   6.9539394e-01	   4.6023741e-01	   4.1010601e-01	   4.5982909e-01	   3.4692236e-01	   4.2514443e-01	   4.9012063e-01	   4.3642091e-01	   7.9310505e-01	   2.7165597e-01	   4.2846365e-01	   4.9754147e-01	   4.5555829e-01	   4.6952027e-01	   2.5861112e-01	   5.2564354e-01	   3.1480030e-01	   2.3861870e-01	   4.3754683e-01	   4.4271768e-01	   8.3868387e-01	   6.1704508e-01	   5.1557953e-01	   7.3469286e-01	   2.9602613e-01	   5.2071673e-01	   4.1841108e-01	   4.1038220e-01	   5.4599639e-01	   3.4170452e-01	   6.1275364e-01	   4.8936468e-01	   4.5399677e-01	   4.3679561e-01	   6.0042513e-01	   3.2887542e-01	   4.5170607e-01	   3.5178911e-01	
