   0.0000000e+00	   5.0041661e-01	   4.6354430e-01	   4.7018293e-01	   7.0596564e-02	   5.7578122e-01	   4.7701542e-01	   4.7950806e-01	   5.0057924e-01	   3.7202794e-01	   4.7393283e-01	   4.1123822e-01	   3.6253594e-01	   4.7588872e-01	   3.5450618e-01	   4.9198600e-01	   4.4714908e-01	   1.3340724e-01	   2.6222984e-01	   5.0642172e-01	   1.5295913e-01	   4.6826372e-01	   5.1594365e-01	   1.5375195e-01	   4.0905639e-01	   5.3906753e-01	   5.5626979e-01	   6.0413230e-01	   5.1606046e-01	   5.1243489e-01	   5.1607843e-01	   5.3288603e-01	   3.3209511e-01	   4.9163508e-01	   5.5411978e-01	   5.0345370e-01	   4.4110204e-01	   3.4277480e-01	   5.0110899e-01	   5.0091361e-01	   1.9163038e-01	   5.8331585e-01	   5.6516097e-01	   4.7369797e-01	   4.0602121e-01	   5.2860925e-01	   5.6691575e-01	   5.0698906e-01	   5.0059983e-01	   5.5626609e-01	   4.9864375e-01	   2.3494186e-01	   4.9374416e-01	   3.8549772e-01	   5.0110179e-01	   3.9360859e-01	   3.7349018e-01	   2.8149820e-01	   5.5626979e-01	   5.0724507e-01	   5.1160580e-01	   5.0082001e-01	   4.9191478e-01	   3.7763018e-01	   2.7987384e-01	   5.4393866e-01	   9.4865940e-01	   2.7369239e-02	   4.9124615e-01	   3.9637758e-01	   4.0188012e-01	   5.2705931e-01	   5.8876008e-01	   1.8849149e-01	   8.8170873e-02	   2.3532091e-01	   5.0091361e-01	   3.9474436e-01	   5.1576888e-01	   5.7106444e-01	   0.0000000e+00	   4.9000289e-01	   4.0466890e-01	   4.4448544e-01	   1.9876957e-01	   3.8302277e-01	   5.3784764e-01	   4.9155648e-01	   3.1917098e-01	   2.4951294e-01	   4.7701542e-01	   5.1818844e-01	   5.0083647e-01	   2.3494186e-01	   5.0328790e-01	   6.1827612e-02	   3.8782540e-01	   5.5607064e-01	   1.5375195e-01	   4.8708607e-01	
   5.0041661e-01	   0.0000000e+00	   4.9608318e-01	   3.7829808e-01	   5.0564901e-01	   1.6568648e-01	   5.4313300e-02	   3.5708358e-01	   4.1594793e-01	   4.8856247e-01	   1.8389283e-01	   4.6395644e-01	   3.4787701e-01	   1.8945385e-01	   4.6539553e-01	   3.9505094e-01	   4.3939588e-01	   4.7946078e-01	   4.3821242e-01	   4.1189289e-01	   5.1159271e-01	   4.9266722e-01	   3.1278290e-01	   4.9120106e-01	   4.5006259e-01	   4.3197234e-01	   4.8273757e-01	   2.4651131e-01	   4.1310560e-01	   4.5103567e-01	   1.4766723e-01	   3.7250124e-01	   4.2044443e-01	   2.1841679e-02	   5.1314820e-01	   1.6971090e-01	   3.8373632e-01	   4.9667789e-01	   1.7946636e-01	   1.3077854e-01	   4.5572976e-01	   5.5992161e-01	   5.2588112e-01	   1.9181848e-01	   2.7933766e-01	   4.9034027e-01	   5.2179182e-01	   2.6223377e-01	   4.0976358e-01	   4.9798622e-01	   5.0754561e-01	   4.5153112e-01	   2.0199616e-02	   4.8664482e-01	   1.4138274e-02	   3.2404872e-01	   4.8795260e-01	   4.6757229e-01	   4.8273757e-01	   1.5882504e-01	   3.8572618e-02	   1.6877028e-01	   3.4366341e-01	   4.5469988e-01	   4.7864562e-01	   4.7951773e-01	   7.7615675e-01	   4.9154076e-01	   4.2624192e-01	   4.8681417e-01	   2.9840436e-01	   1.3606467e-01	   5.6404776e-01	   4.5178321e-01	   4.7863916e-01	   4.3787371e-01	   1.3077854e-01	   4.3259087e-01	   2.2776707e-01	   1.6278806e-01	   5.0041661e-01	   5.0046293e-01	   2.8320240e-01	   3.8122561e-01	   4.6229006e-01	   3.2232234e-01	   4.3335715e-01	   4.2156289e-01	   4.6479183e-01	   4.9408420e-01	   5.4313300e-02	   3.4725891e-01	   3.6781648e-01	   4.5153112e-01	   1.7145051e-01	   4.9760019e-01	   4.1082962e-01	   4.3116776e-01	   4.9120106e-01	   6.5768318e-02	
   4.6354430e-01	   4.9608318e-01	   0.0000000e+00	   3.6383105e-01	   4.3613247e-01	   5.6964541e-01	   4.7211835e-01	   3.7004378e-01	   3.3752834e-01	   1.8867452e-01	   4.7749686e-01	   1.3532814e-01	   4.0509262e-01	   4.8110946e-01	   2.0287162e-01	   3.6301452e-01	   2.6747980e-01	   4.0055498e-01	   3.8006842e-01	   3.4321039e-01	   5.1422232e-01	   8.9935333e-02	   4.8123473e-01	   3.9376824e-01	   2.6074233e-01	   5.8193909e-01	   5.0463321e-01	   6.0205395e-01	   5.6152213e-01	   3.2516445e-01	   5.1468998e-01	   4.8168415e-01	   3.5627327e-01	   4.8882813e-01	   2.8099813e-01	   4.9412173e-01	   3.6949344e-01	   2.2021381e-01	   4.9576634e-01	   4.9601360e-01	   4.1373864e-01	   3.3509729e-01	   5.0785206e-01	   4.7839799e-01	   4.3610885e-01	   3.1167409e-01	   2.7848614e-01	   5.2680022e-01	   3.4074881e-01	   3.4229953e-01	   1.7368360e-01	   3.9040716e-01	   4.9079604e-01	   2.0051658e-01	   4.9713303e-01	   4.1812091e-01	   1.7695129e-01	   2.8336789e-01	   5.0463321e-01	   4.9962842e-01	   5.0772930e-01	   4.9699622e-01	   3.9111383e-01	   2.2970406e-01	   3.0962763e-01	   2.7225238e-01	   9.7884752e-01	   4.5480071e-01	   3.3158434e-01	   1.3017442e-01	   4.2506426e-01	   5.2131274e-01	   3.6030227e-01	   4.0963407e-01	   4.3238360e-01	   3.8029878e-01	   4.9601360e-01	   3.3479428e-01	   5.1794879e-01	   5.6071968e-01	   4.6354430e-01	   1.0467521e-01	   4.3525273e-01	   3.5667793e-01	   4.0954476e-01	   4.2180479e-01	   4.0787332e-01	   3.3224866e-01	   2.4191245e-01	   3.4042662e-01	   4.7211835e-01	   5.4268606e-01	   3.9417361e-01	   3.9040716e-01	   4.9571022e-01	   4.7327580e-01	   3.5599987e-01	   5.6211267e-01	   3.9376824e-01	   4.8704270e-01	
   4.7018293e-01	   3.7829808e-01	   3.6383105e-01	   0.0000000e+00	   4.5063343e-01	   4.4120013e-01	   3.5090713e-01	   9.3469051e-02	   1.5987899e-01	   4.0430718e-01	   3.5800143e-01	   3.0725248e-01	   2.8910759e-01	   3.6053527e-01	   3.4081533e-01	   1.0086537e-01	   1.8018259e-01	   4.2243943e-01	   3.5264697e-01	   1.7694255e-01	   5.1038891e-01	   3.9497268e-01	   3.0446653e-01	   4.1792495e-01	   2.3378559e-01	   4.5484488e-01	   4.1658407e-01	   4.6704973e-01	   4.3246581e-01	   2.3267009e-01	   3.8004402e-01	   2.9792575e-01	   2.8046043e-01	   3.6860421e-01	   3.2867391e-01	   3.7423017e-01	   1.4362418e-01	   3.9002033e-01	   3.7324871e-01	   3.4675413e-01	   4.0232982e-01	   3.9426379e-01	   4.1536416e-01	   3.5734462e-01	   3.0858094e-01	   2.5833055e-01	   4.3058428e-01	   4.2736691e-01	   1.6083638e-01	   3.2174962e-01	   2.9967578e-01	   3.7325561e-01	   3.7193653e-01	   3.1534516e-01	   3.7959505e-01	   2.8080372e-01	   3.8617602e-01	   3.7539575e-01	   4.1658407e-01	   3.8041933e-01	   3.9097154e-01	   3.7615391e-01	   9.7510035e-02	   2.8382931e-01	   4.4590071e-01	   4.1770424e-01	   9.1787264e-01	   4.6531803e-01	   1.5522259e-01	   3.5588263e-01	   2.8983194e-01	   3.7567424e-01	   3.9730580e-01	   4.0060000e-01	   4.3906394e-01	   3.6858184e-01	   3.4675413e-01	   2.2128036e-01	   3.6180479e-01	   4.2951570e-01	   4.7018293e-01	   3.9545239e-01	   3.0754410e-01	   1.1582465e-01	   3.9668809e-01	   2.9331451e-01	   2.8747425e-01	   1.3976286e-01	   3.7667263e-01	   4.5887738e-01	   3.5090713e-01	   3.9249316e-01	   1.2847741e-01	   3.7325561e-01	   3.7682032e-01	   4.7769427e-01	   2.2377377e-01	   4.1470627e-01	   4.1792495e-01	   3.5489689e-01	
   7.0596564e-02	   5.0564901e-01	   4.3613247e-01	   4.5063343e-01	   0.0000000e+00	   5.8655965e-01	   4.7926626e-01	   4.6535014e-01	   4.8323889e-01	   3.4002990e-01	   4.7245760e-01	   3.7767657e-01	   3.4102387e-01	   4.7445649e-01	   3.1532229e-01	   4.7471376e-01	   4.1726246e-01	   8.2938024e-02	   2.2615544e-01	   4.9087161e-01	   2.0341940e-01	   4.4501018e-01	   5.1608243e-01	   9.7478329e-02	   3.7321282e-01	   5.3341170e-01	   5.4850363e-01	   6.1355772e-01	   5.0899506e-01	   4.9445630e-01	   5.2332782e-01	   5.2614459e-01	   2.9709109e-01	   4.9616937e-01	   5.3554000e-01	   5.0419709e-01	   4.1604205e-01	   3.0259781e-01	   5.0158271e-01	   5.0549514e-01	   1.5441397e-01	   5.6567759e-01	   5.5376916e-01	   4.7189678e-01	   3.9638928e-01	   5.0744714e-01	   5.5265537e-01	   5.1156250e-01	   4.8426766e-01	   5.4040956e-01	   4.7091867e-01	   1.9519434e-01	   4.9855902e-01	   3.4420266e-01	   5.0657735e-01	   3.7584288e-01	   3.3881564e-01	   2.3826458e-01	   5.4850363e-01	   5.0886852e-01	   5.1837731e-01	   5.0207446e-01	   4.7945219e-01	   3.3908619e-01	   2.5695482e-01	   5.3265395e-01	   9.6366131e-01	   6.9767066e-02	   4.7164999e-01	   3.6161535e-01	   3.8776296e-01	   5.3403236e-01	   5.7149190e-01	   1.5173497e-01	   5.4056588e-02	   1.9945781e-01	   5.0549514e-01	   3.5988451e-01	   5.1719827e-01	   5.8126589e-01	   7.0596564e-02	   4.6824942e-01	   3.9439574e-01	   4.2029981e-01	   1.5895473e-01	   3.6608682e-01	   5.2846986e-01	   4.7190115e-01	   2.8077070e-01	   2.2886371e-01	   4.7926626e-01	   5.1393671e-01	   4.8879757e-01	   1.9519434e-01	   5.0450354e-01	   1.0509273e-01	   3.5544663e-01	   5.4926484e-01	   9.7478329e-02	   4.9123462e-01	
   5.7578122e-01	   1.6568648e-01	   5.6964541e-01	   4.4120013e-01	   5.8655965e-01	   0.0000000e+00	   2.0449041e-01	   4.0483309e-01	   4.6330195e-01	   5.7253845e-01	   2.8349876e-01	   5.4386383e-01	   4.4151763e-01	   2.8779307e-01	   5.5071861e-01	   4.4331790e-01	   5.1430246e-01	   5.6185232e-01	   5.2581156e-01	   4.5522756e-01	   5.7512678e-01	   5.6858266e-01	   3.1829977e-01	   5.7588232e-01	   5.3364441e-01	   5.0328176e-01	   5.3231339e-01	   1.6970786e-01	   4.9285332e-01	   5.0363480e-01	   1.4463930e-01	   3.8824096e-01	   5.1110004e-01	   1.7640017e-01	   5.6288659e-01	   2.4038494e-01	   4.6861126e-01	   5.8473607e-01	   2.5210110e-01	   1.3849647e-01	   5.4104981e-01	   6.0979033e-01	   5.8217896e-01	   2.9078313e-01	   3.7934389e-01	   5.4569088e-01	   5.7698430e-01	   3.4758811e-01	   4.5582019e-01	   5.4061830e-01	   5.7392070e-01	   5.3784572e-01	   1.7484249e-01	   5.7230175e-01	   1.6498851e-01	   4.2223694e-01	   5.7173344e-01	   5.5537164e-01	   5.3231339e-01	   2.2999544e-01	   1.5258819e-01	   2.4429442e-01	   3.8702888e-01	   5.4077742e-01	   5.6033182e-01	   5.3725440e-01	   7.6923003e-01	   5.6601811e-01	   4.8096595e-01	   5.6987327e-01	   3.9379179e-01	   1.0270270e-01	   6.1333937e-01	   5.3583524e-01	   5.5831280e-01	   5.2329533e-01	   1.3849647e-01	   5.2403417e-01	   2.3822350e-01	   4.9624309e-02	   5.7578122e-01	   5.7105452e-01	   3.8357115e-01	   4.6092288e-01	   5.4870553e-01	   4.2029368e-01	   4.6310620e-01	   4.7683503e-01	   5.5181856e-01	   5.7577943e-01	   2.0449041e-01	   3.9952472e-01	   4.0188653e-01	   5.3784572e-01	   2.4454103e-01	   5.7117991e-01	   5.0254420e-01	   4.7045131e-01	   5.7588232e-01	   1.7801947e-01	
   4.7701542e-01	   5.4313300e-02	   4.7211835e-01	   3.5090713e-01	   4.7926626e-01	   2.0449041e-01	   0.0000000e+00	   3.3508038e-01	   3.9505485e-01	   4.6222764e-01	   1.6343240e-01	   4.3712713e-01	   3.1607459e-01	   1.6919101e-01	   4.3713185e-01	   3.7228958e-01	   4.1090861e-01	   4.5345412e-01	   4.0856744e-01	   3.9281068e-01	   4.9309890e-01	   4.6930775e-01	   3.0274759e-01	   4.6340646e-01	   4.1929104e-01	   4.1317419e-01	   4.6411299e-01	   2.7814369e-01	   3.9040980e-01	   4.2775128e-01	   1.6222694e-01	   3.5613298e-01	   3.8759020e-01	   3.9155880e-02	   4.9377024e-01	   1.6631649e-01	   3.5133850e-01	   4.6740588e-01	   1.7390000e-01	   1.3763825e-01	   4.2846730e-01	   5.4057160e-01	   5.0175626e-01	   1.7029879e-01	   2.4768305e-01	   4.6668779e-01	   5.0502508e-01	   2.5073023e-01	   3.8966087e-01	   4.8029495e-01	   4.8298723e-01	   4.2259428e-01	   4.1913865e-02	   4.5627205e-01	   5.4256358e-02	   2.9060414e-01	   4.6093294e-01	   4.3892781e-01	   4.6411299e-01	   1.5847108e-01	   7.8567906e-02	   1.6409304e-01	   3.2360645e-01	   4.2457312e-01	   4.5503060e-01	   4.6383873e-01	   7.9067481e-01	   4.6890360e-01	   4.0158132e-01	   4.5916246e-01	   2.6833169e-01	   1.5679775e-01	   5.4439593e-01	   4.2517454e-01	   4.5404452e-01	   4.1016069e-01	   1.3763825e-01	   3.9802222e-01	   2.2873086e-01	   1.9896904e-01	   4.7701542e-01	   4.7823105e-01	   2.5108340e-01	   3.5072503e-01	   4.3387398e-01	   2.8933381e-01	   4.1681774e-01	   3.9715924e-01	   4.3704816e-01	   4.6979818e-01	   0.0000000e+00	   3.3303852e-01	   3.4942116e-01	   4.2259428e-01	   1.6747099e-01	   4.7572631e-01	   3.7689004e-01	   4.1879189e-01	   4.6340646e-01	   6.5587905e-02	
   4.7950806e-01	   3.5708358e-01	   3.7004378e-01	   9.3469051e-02	   4.6535014e-01	   4.0483309e-01	   3.3508038e-01	   0.0000000e+00	   1.2882580e-01	   4.1791509e-01	   3.5128570e-01	   3.2364465e-01	   3.1832891e-01	   3.5347433e-01	   3.6194146e-01	   7.4169522e-02	   2.1416751e-01	   4.3818656e-01	   3.7704310e-01	   1.3699670e-01	   5.1108391e-01	   3.9695943e-01	   2.5402492e-01	   4.3683475e-01	   2.7075904e-01	   4.5504985e-01	   3.9971681e-01	   4.3216193e-01	   4.3790077e-01	   2.0790088e-01	   3.4887078e-01	   2.6730255e-01	   3.1775548e-01	   3.4885601e-01	   3.1439946e-01	   3.6306561e-01	   2.0660330e-01	   4.1034654e-01	   3.6238102e-01	   3.1872193e-01	   4.2087552e-01	   3.8611865e-01	   4.0099718e-01	   3.5105685e-01	   3.2047736e-01	   2.4639007e-01	   4.2143088e-01	   4.1570882e-01	   1.2476266e-01	   2.9979609e-01	   3.0610344e-01	   3.9606552e-01	   3.5179863e-01	   3.4323591e-01	   3.5845444e-01	   3.0762449e-01	   4.0190832e-01	   3.9571807e-01	   3.9971681e-01	   3.6823504e-01	   3.6715338e-01	   3.6392308e-01	   7.7697540e-02	   3.1218278e-01	   4.5490831e-01	   4.0362744e-01	   8.9483778e-01	   4.7384803e-01	   1.3613660e-01	   3.7227574e-01	   3.1020612e-01	   3.4393464e-01	   3.8960269e-01	   4.1805560e-01	   4.5188810e-01	   3.8819451e-01	   3.1872193e-01	   2.7281192e-01	   3.3710070e-01	   3.9477959e-01	   4.7950806e-01	   3.9432389e-01	   3.2039697e-01	   1.7951803e-01	   4.1740072e-01	   3.1765170e-01	   2.3589161e-01	   1.2298262e-01	   3.9414486e-01	   4.6861455e-01	   3.3508038e-01	   3.8395375e-01	   8.8217604e-02	   3.9606552e-01	   3.6532046e-01	   4.8476740e-01	   2.7417760e-01	   4.1055490e-01	   4.3683475e-01	   3.3299984e-01	
   5.0057924e-01	   4.1594793e-01	   3.3752834e-01	   1.5987899e-01	   4.8323889e-01	   4.6330195e-01	   3.9505485e-01	   1.2882580e-01	   0.0000000e+00	   4.1171650e-01	   3.9766352e-01	   3.0255184e-01	   3.6963006e-01	   3.9997965e-01	   3.5659415e-01	   9.3991214e-02	   1.9948880e-01	   4.5688024e-01	   4.0482928e-01	   3.2734988e-02	   5.3500390e-01	   3.7403877e-01	   3.1667547e-01	   4.5286409e-01	   2.6562823e-01	   4.9179119e-01	   3.8837231e-01	   4.7568190e-01	   4.7568190e-01	   1.2540929e-01	   4.1504155e-01	   3.0140881e-01	   3.4605662e-01	   4.0843249e-01	   2.4537598e-01	   4.0527952e-01	   2.6158071e-01	   4.0462306e-01	   4.0495906e-01	   3.8129182e-01	   4.4533306e-01	   3.2481729e-01	   3.8494405e-01	   3.9721761e-01	   3.8416569e-01	   1.5615574e-01	   3.8664799e-01	   4.8609825e-01	   2.5639282e-02	   2.2101013e-01	   2.4845975e-01	   4.2071146e-01	   4.1159761e-01	   3.2733099e-01	   4.1790770e-01	   3.6647923e-01	   3.9313318e-01	   4.0362361e-01	   3.8837231e-01	   4.1289729e-01	   4.2610169e-01	   4.0832526e-01	   1.6901430e-01	   3.0760607e-01	   4.6330529e-01	   3.8258942e-01	   9.3491537e-01	   4.9534530e-01	   4.6649015e-02	   3.5593764e-01	   3.7294493e-01	   4.0520706e-01	   3.2726488e-01	   4.4292494e-01	   4.7411215e-01	   4.1539640e-01	   3.8129182e-01	   2.9555069e-01	   3.8235774e-01	   4.5219582e-01	   5.0057924e-01	   3.6465705e-01	   3.8372826e-01	   2.3303294e-01	   4.4007890e-01	   3.7572361e-01	   2.0274461e-01	   4.6693169e-02	   3.9684001e-01	   4.7730586e-01	   3.9505485e-01	   4.1761296e-01	   1.5315772e-01	   4.2071146e-01	   4.0805391e-01	   5.0802043e-01	   3.0698241e-01	   4.2508123e-01	   4.5286409e-01	   3.9298769e-01	
   3.7202794e-01	   4.8856247e-01	   1.8867452e-01	   4.0430718e-01	   3.4002990e-01	   5.7253845e-01	   4.6222764e-01	   4.1791509e-01	   4.1171650e-01	   0.0000000e+00	   4.6449024e-01	   1.7735842e-01	   3.6826862e-01	   4.6774965e-01	   1.2934463e-01	   4.2171806e-01	   3.2262907e-01	   3.0065066e-01	   3.0922804e-01	   4.1910300e-01	   4.3327511e-01	   1.8747473e-01	   4.9807001e-01	   2.9445922e-01	   2.8224757e-01	   5.6246542e-01	   5.4286260e-01	   6.0843538e-01	   5.4011777e-01	   4.1289853e-01	   5.1056452e-01	   5.0832254e-01	   3.1685274e-01	   4.8016943e-01	   4.1079576e-01	   4.9006702e-01	   3.8068331e-01	   8.3926004e-02	   4.8966528e-01	   4.9758259e-01	   3.3182663e-01	   4.5590495e-01	   5.4820487e-01	   4.6542099e-01	   4.0602375e-01	   4.1279371e-01	   3.8950351e-01	   4.9583492e-01	   4.1414935e-01	   4.5057055e-01	   3.0841060e-01	   3.1417489e-01	   4.8214063e-01	   1.8631146e-01	   4.8898409e-01	   3.8952731e-01	   4.6272002e-02	   1.6691017e-01	   5.4286260e-01	   4.9399243e-01	   5.0147383e-01	   4.8963897e-01	   4.3394047e-01	   2.1912326e-01	   1.5999817e-01	   3.6653405e-01	   9.7371353e-01	   3.6104361e-01	   4.0361340e-01	   1.0370110e-01	   3.9620728e-01	   5.2380604e-01	   4.7447821e-01	   3.2623689e-01	   3.3803013e-01	   3.0023741e-01	   4.9758259e-01	   3.2936600e-01	   5.2208695e-01	   5.6591524e-01	   3.7202794e-01	   2.3042511e-01	   4.0476564e-01	   3.7674375e-01	   3.3033124e-01	   3.8772841e-01	   4.7230164e-01	   4.0277519e-01	   1.1265893e-01	   1.9757632e-01	   4.6222764e-01	   5.3605057e-01	   4.4312030e-01	   3.1417489e-01	   4.9097865e-01	   3.8346772e-01	   3.4336046e-01	   5.7033324e-01	   2.9445922e-01	   4.8077310e-01	
   4.7393283e-01	   1.8389283e-01	   4.7749686e-01	   3.5800143e-01	   4.7245760e-01	   2.8349876e-01	   1.6343240e-01	   3.5128570e-01	   3.9766352e-01	   4.6449024e-01	   0.0000000e+00	   4.4122465e-01	   3.3214630e-01	   1.8129710e-02	   4.3891607e-01	   3.7629358e-01	   4.1241163e-01	   4.5170223e-01	   4.1026744e-01	   3.9681275e-01	   4.9609564e-01	   4.8024238e-01	   3.3077231e-01	   4.5777469e-01	   4.1880296e-01	   3.7594430e-01	   4.5992815e-01	   3.0139684e-01	   3.3431537e-01	   4.2804144e-01	   2.4551031e-01	   3.5811078e-01	   3.8607862e-01	   1.7429948e-01	   5.0339333e-01	   1.0368123e-01	   3.6065099e-01	   4.6235357e-01	   8.1439908e-02	   2.0247253e-01	   4.2979148e-01	   5.5059698e-01	   4.9353752e-01	   2.0950786e-02	   2.8447657e-01	   4.6298715e-01	   5.2741303e-01	   3.2769593e-01	   3.9389643e-01	   4.8629322e-01	   4.8394733e-01	   4.2249552e-01	   1.7830574e-01	   4.5141701e-01	   1.8536058e-01	   3.1350185e-01	   4.6131168e-01	   4.3864720e-01	   4.5992815e-01	   1.0547929e-01	   1.9880844e-01	   7.4743817e-02	   3.4159444e-01	   4.2561174e-01	   4.5990127e-01	   4.9475941e-01	   8.5836785e-01	   4.6843422e-01	   3.9856677e-01	   4.5927128e-01	   3.0259440e-01	   2.2874888e-01	   5.5224226e-01	   4.2809079e-01	   4.5352115e-01	   4.1447265e-01	   2.0247253e-01	   3.9541331e-01	   2.1693283e-01	   2.7454752e-01	   4.7393283e-01	   4.9074776e-01	   2.8610181e-01	   3.6091945e-01	   4.3237407e-01	   3.1062103e-01	   4.2373017e-01	   3.9636068e-01	   4.3916132e-01	   4.7084865e-01	   1.6343240e-01	   2.5489954e-01	   3.5943760e-01	   4.2249552e-01	   8.8834478e-02	   4.7628369e-01	   3.7742686e-01	   3.6007772e-01	   4.5777469e-01	   1.6282287e-01	
   4.1123822e-01	   4.6395644e-01	   1.3532814e-01	   3.0725248e-01	   3.7767657e-01	   5.4386383e-01	   4.3712713e-01	   3.2364465e-01	   3.0255184e-01	   1.7735842e-01	   4.4122465e-01	   0.0000000e+00	   3.3039830e-01	   4.4451558e-01	   1.1275949e-01	   3.1916129e-01	   1.8936681e-01	   3.3392835e-01	   2.9498363e-01	   3.1325033e-01	   4.7362075e-01	   1.9091932e-01	   4.4759589e-01	   3.2385629e-01	   1.5864653e-01	   5.3923093e-01	   4.8801911e-01	   5.7672977e-01	   5.1810791e-01	   3.0881459e-01	   4.8233506e-01	   4.4664646e-01	   2.6706538e-01	   4.5555790e-01	   3.0390932e-01	   4.6263205e-01	   2.9473028e-01	   1.7143849e-01	   4.6277457e-01	   4.6316182e-01	   3.3966911e-01	   3.7065029e-01	   4.9013114e-01	   4.4167513e-01	   3.7634013e-01	   3.0243602e-01	   3.5035761e-01	   4.8850869e-01	   3.0640960e-01	   3.5114049e-01	   1.7213426e-01	   3.0901471e-01	   4.5777694e-01	   9.1333640e-02	   4.6501679e-01	   3.4895199e-01	   1.4822439e-01	   2.0695709e-01	   4.8801911e-01	   4.6846721e-01	   4.7746234e-01	   4.6431386e-01	   3.4588091e-01	   1.1354715e-01	   2.7930446e-01	   3.3702274e-01	   9.5632312e-01	   4.0235671e-01	   2.9500633e-01	   8.9843632e-02	   3.5879347e-01	   4.9071626e-01	   3.8950615e-01	   3.3548756e-01	   3.6983349e-01	   2.9779602e-01	   4.6316182e-01	   2.4410244e-01	   4.8505532e-01	   5.3502605e-01	   4.1123822e-01	   2.1048917e-01	   3.7484228e-01	   2.8350785e-01	   3.3439703e-01	   3.5263674e-01	   3.9401413e-01	   2.9232574e-01	   1.7606398e-01	   3.0771659e-01	   4.3712713e-01	   5.0269282e-01	   3.5355011e-01	   3.0901471e-01	   4.6455901e-01	   4.2167653e-01	   2.6950605e-01	   5.2627088e-01	   3.2385629e-01	   4.5227670e-01	
   3.6253594e-01	   3.4787701e-01	   4.0509262e-01	   2.8910759e-01	   3.4102387e-01	   4.4151763e-01	   3.1607459e-01	   3.1832891e-01	   3.6963006e-01	   3.6826862e-01	   3.3214630e-01	   3.3039830e-01	   0.0000000e+00	   3.3462035e-01	   3.0681286e-01	   3.4226943e-01	   2.9180538e-01	   3.0639279e-01	   1.9344720e-01	   3.8011857e-01	   4.2026794e-01	   4.1627726e-01	   3.8712604e-01	   3.0493318e-01	   2.6291068e-01	   4.3200335e-01	   4.7113195e-01	   4.8230515e-01	   4.0674128e-01	   3.9968974e-01	   3.6763576e-01	   3.9876320e-01	   1.4780323e-01	   3.3744438e-01	   4.5824824e-01	   3.6428247e-01	   2.0468682e-01	   3.4199085e-01	   3.6226300e-01	   3.5109207e-01	   2.5323273e-01	   5.0457705e-01	   4.8324849e-01	   3.3186389e-01	   1.4276791e-01	   4.2434979e-01	   4.9496137e-01	   3.5013845e-01	   3.6848818e-01	   4.6313846e-01	   4.0581814e-01	   2.2030503e-01	   3.3941876e-01	   3.1285207e-01	   3.4827071e-01	   7.6157230e-02	   3.5800287e-01	   2.9251425e-01	   4.7113195e-01	   3.6728666e-01	   3.6437156e-01	   3.6199981e-01	   3.2695619e-01	   2.7034965e-01	   3.6574328e-01	   4.6533685e-01	   8.7297105e-01	   3.5811941e-01	   3.6005625e-01	   3.5413541e-01	   9.3336675e-02	   3.8389202e-01	   5.0860523e-01	   2.5357429e-01	   3.1686738e-01	   2.1607620e-01	   3.5109207e-01	   1.9349780e-01	   3.8325404e-01	   4.3412089e-01	   3.6253594e-01	   4.3206894e-01	   1.3849647e-01	   2.2529042e-01	   2.5077749e-01	   7.0996795e-02	   4.3688782e-01	   3.5374241e-01	   3.1129864e-01	   3.7508547e-01	   3.1607459e-01	   4.0072858e-01	   3.5620097e-01	   2.2030503e-01	   3.6434187e-01	   3.6722353e-01	   1.5794355e-01	   4.5099798e-01	   3.0493318e-01	   3.3414119e-01	
   4.7588872e-01	   1.8945385e-01	   4.8110946e-01	   3.6053527e-01	   4.7445649e-01	   2.8779307e-01	   1.6919101e-01	   3.5347433e-01	   3.9997965e-01	   4.6774965e-01	   1.8129710e-02	   4.4451558e-01	   3.3462035e-01	   0.0000000e+00	   4.4206571e-01	   3.7860437e-01	   4.1516194e-01	   4.5412167e-01	   4.1250032e-01	   3.9910800e-01	   4.9790448e-01	   4.8368113e-01	   3.3128745e-01	   4.6012637e-01	   4.2150422e-01	   3.7182571e-01	   4.5880328e-01	   3.0390763e-01	   3.2978962e-01	   4.2946532e-01	   2.4854061e-01	   3.5797984e-01	   3.8822504e-01	   1.7976753e-01	   5.0623960e-01	   1.1025536e-01	   3.6325145e-01	   4.6538003e-01	   8.4793195e-02	   2.0647609e-01	   4.3213570e-01	   5.5335128e-01	   4.9176500e-01	   1.5494354e-02	   2.8648510e-01	   4.6501125e-01	   5.3092082e-01	   3.2943795e-01	   3.9627619e-01	   4.8855404e-01	   4.8718020e-01	   4.2479026e-01	   1.8380597e-01	   4.5426913e-01	   1.9084105e-01	   3.1552156e-01	   4.6454459e-01	   4.4144878e-01	   4.5880328e-01	   1.1233378e-01	   2.0425093e-01	   7.8895083e-02	   3.4453627e-01	   4.2837831e-01	   4.6297046e-01	   4.9813724e-01	   8.5918192e-01	   4.7056190e-01	   4.0052283e-01	   4.6245162e-01	   3.0497035e-01	   2.3319868e-01	   5.5484542e-01	   4.3049932e-01	   4.5575915e-01	   4.1678437e-01	   2.0647609e-01	   3.9771404e-01	   2.1793981e-01	   2.7895379e-01	   4.7588872e-01	   4.9418220e-01	   2.8806325e-01	   3.6376449e-01	   4.3461903e-01	   3.1262968e-01	   4.2420772e-01	   3.9851636e-01	   4.4224631e-01	   4.7365773e-01	   1.6919101e-01	   2.5041978e-01	   3.6208946e-01	   4.2479026e-01	   9.4199268e-02	   4.7823428e-01	   3.7978772e-01	   3.5748876e-01	   4.6012637e-01	   1.6753558e-01	
   3.5450618e-01	   4.6539553e-01	   2.0287162e-01	   3.4081533e-01	   3.1532229e-01	   5.5071861e-01	   4.3713185e-01	   3.6194146e-01	   3.5659415e-01	   1.2934463e-01	   4.3891607e-01	   1.1275949e-01	   3.0681286e-01	   4.4206571e-01	   0.0000000e+00	   3.6294923e-01	   2.4177611e-01	   2.6630038e-01	   2.4252925e-01	   3.6792852e-01	   4.2764408e-01	   2.3430728e-01	   4.6574077e-01	   2.5510359e-01	   1.8656569e-01	   5.3099165e-01	   5.1427642e-01	   5.8549944e-01	   5.0882904e-01	   3.6937909e-01	   4.8546512e-01	   4.6959417e-01	   2.3725702e-01	   4.5633302e-01	   3.8018226e-01	   4.6550289e-01	   3.0898470e-01	   9.0830234e-02	   4.6446362e-01	   4.6924188e-01	   2.8017924e-01	   4.3536043e-01	   5.1696114e-01	   4.3936656e-01	   3.6125045e-01	   3.6867269e-01	   4.0470709e-01	   4.7951236e-01	   3.5991028e-01	   4.1606434e-01	   2.6418131e-01	   2.5156922e-01	   4.5868985e-01	   8.3024941e-02	   4.6614324e-01	   3.3248891e-01	   9.7989643e-02	   1.1550842e-01	   5.1427642e-01	   4.7032645e-01	   4.7940705e-01	   4.6549514e-01	   3.7993420e-01	   1.1138502e-01	   2.0720836e-01	   3.8585838e-01	   9.5451889e-01	   3.4443607e-01	   3.4770814e-01	   9.4515942e-02	   3.4316385e-01	   4.9764264e-01	   4.5094885e-01	   2.7522222e-01	   3.0744692e-01	   2.3942934e-01	   4.6924188e-01	   2.4325676e-01	   4.9218491e-01	   5.4331225e-01	   3.5450618e-01	   2.6548273e-01	   3.5919386e-01	   3.0434806e-01	   2.7585980e-01	   3.3268254e-01	   4.3960804e-01	   3.4485462e-01	   8.2520793e-02	   2.3625388e-01	   4.3713185e-01	   5.0286087e-01	   3.9119022e-01	   2.5156922e-01	   4.6711812e-01	   3.6639207e-01	   2.6196055e-01	   5.3284543e-01	   2.5510359e-01	   4.5458543e-01	
   4.9198600e-01	   3.9505094e-01	   3.6301452e-01	   1.0086537e-01	   4.7471376e-01	   4.4331790e-01	   3.7228958e-01	   7.4169522e-02	   9.3991214e-02	   4.2171806e-01	   3.7629358e-01	   3.1916129e-01	   3.4226943e-01	   3.7860437e-01	   3.6294923e-01	   0.0000000e+00	   2.0530255e-01	   4.4866504e-01	   3.9141009e-01	   1.0634512e-01	   5.2751364e-01	   3.9746915e-01	   2.9781505e-01	   4.4493840e-01	   2.6629457e-01	   4.7071952e-01	   4.0051382e-01	   4.5858988e-01	   4.5098884e-01	   1.8593779e-01	   3.9305455e-01	   2.8851894e-01	   3.2763304e-01	   3.8680518e-01	   2.9451170e-01	   3.8470040e-01	   2.2231167e-01	   4.1102520e-01	   3.8396583e-01	   3.5631521e-01	   4.3337736e-01	   3.6511592e-01	   3.9946927e-01	   3.7562212e-01	   3.5769046e-01	   2.1448000e-01	   4.1667682e-01	   4.6504559e-01	   9.3198582e-02	   2.7473323e-01	   2.8548350e-01	   4.0815616e-01	   3.9009297e-01	   3.3547067e-01	   3.9689843e-01	   3.3694936e-01	   4.0329416e-01	   4.0309739e-01	   4.0051382e-01	   3.9200851e-01	   4.0567467e-01	   3.8784400e-01	   1.0630636e-01	   3.1160300e-01	   4.6607693e-01	   4.1026493e-01	   9.2752972e-01	   4.8725844e-01	   1.0091643e-01	   3.6991428e-01	   3.4380580e-01	   3.8164970e-01	   3.6692740e-01	   4.3121316e-01	   4.6444255e-01	   4.0379716e-01	   3.5631521e-01	   2.7626662e-01	   3.6010061e-01	   4.3204866e-01	   4.9198600e-01	   3.9244984e-01	   3.5712830e-01	   1.9382235e-01	   4.2804626e-01	   3.4717730e-01	   2.3580642e-01	   8.6893692e-02	   4.0095221e-01	   4.7878014e-01	   3.7228958e-01	   3.9748340e-01	   9.9290135e-02	   4.0815616e-01	   3.8771513e-01	   4.9954695e-01	   2.8280009e-01	   4.0876284e-01	   4.4493840e-01	   3.7117948e-01	
   4.4714908e-01	   4.3939588e-01	   2.6747980e-01	   1.8018259e-01	   4.1726246e-01	   5.1430246e-01	   4.1090861e-01	   2.1416751e-01	   1.9948880e-01	   3.2262907e-01	   4.1241163e-01	   1.8936681e-01	   2.9180538e-01	   4.1516194e-01	   2.4177611e-01	   2.0530255e-01	   0.0000000e+00	   3.7948239e-01	   3.0504467e-01	   2.1825870e-01	   5.0307597e-01	   3.1357415e-01	   3.8863885e-01	   3.6946416e-01	   1.0000361e-01	   4.9534322e-01	   4.4231503e-01	   5.4010060e-01	   4.7484181e-01	   2.3382966e-01	   4.5131885e-01	   3.7773522e-01	   2.3575617e-01	   4.2995807e-01	   2.8098530e-01	   4.3237884e-01	   1.7706189e-01	   3.0313023e-01	   4.3183517e-01	   4.2484968e-01	   3.6409999e-01	   3.5754064e-01	   4.3931262e-01	   4.1194667e-01	   3.3809109e-01	   2.3475759e-01	   3.8836435e-01	   4.7182363e-01	   2.0547311e-01	   3.0538057e-01	   1.8884647e-01	   3.2738922e-01	   4.3291111e-01	   1.9828689e-01	   4.4071411e-01	   3.0061810e-01	   2.9793612e-01	   2.9837846e-01	   4.4231503e-01	   4.3982245e-01	   4.5318592e-01	   4.3485366e-01	   2.3911498e-01	   1.6499788e-01	   3.8810293e-01	   3.7961405e-01	   9.4850951e-01	   4.4116977e-01	   1.8986130e-01	   2.5441401e-01	   3.1446172e-01	   4.5470441e-01	   3.6822385e-01	   3.6194573e-01	   4.0750307e-01	   3.2127532e-01	   4.2484968e-01	   1.6214117e-01	   4.3832645e-01	   5.0401416e-01	   4.4714908e-01	   3.1605829e-01	   3.3615949e-01	   1.5582878e-01	   3.5677181e-01	   3.1038045e-01	   3.3264692e-01	   1.8045687e-01	   2.9450296e-01	   4.0608592e-01	   4.1090861e-01	   4.5351433e-01	   2.5073023e-01	   3.2738922e-01	   4.3513199e-01	   4.5622124e-01	   1.9259043e-01	   4.6680589e-01	   3.6946416e-01	   4.2117531e-01	
   1.3340724e-01	   4.7946078e-01	   4.0055498e-01	   4.2243943e-01	   8.2938024e-02	   5.6185232e-01	   4.5345412e-01	   4.3818656e-01	   4.5688024e-01	   3.0065066e-01	   4.5170223e-01	   3.3392835e-01	   3.0639279e-01	   4.5412167e-01	   2.6630038e-01	   4.4866504e-01	   3.7948239e-01	   0.0000000e+00	   1.7954672e-01	   4.6510984e-01	   2.5048149e-01	   4.1232293e-01	   4.9815585e-01	   3.7680801e-02	   3.3078633e-01	   5.2397715e-01	   5.4313300e-01	   5.9266030e-01	   5.0027864e-01	   4.7304389e-01	   4.9890920e-01	   5.1132679e-01	   2.5659769e-01	   4.7042831e-01	   5.1137011e-01	   4.8225815e-01	   3.8306177e-01	   2.6091220e-01	   4.8013617e-01	   4.8348936e-01	   1.1498988e-01	   5.4742901e-01	   5.5193898e-01	   4.5180487e-01	   3.6840988e-01	   4.8590957e-01	   5.2930271e-01	   4.8696442e-01	   4.5793672e-01	   5.2015917e-01	   4.3882333e-01	   1.4773350e-01	   4.7261023e-01	   2.9930593e-01	   4.8026384e-01	   3.4469474e-01	   2.9738054e-01	   1.8566884e-01	   5.4313300e-01	   4.8622330e-01	   4.9259820e-01	   4.8027671e-01	   4.5143527e-01	   2.9167824e-01	   2.2638540e-01	   5.0732631e-01	   9.4726107e-01	   1.2479156e-01	   4.4716521e-01	   3.2060433e-01	   3.5479671e-01	   5.1124618e-01	   5.5515824e-01	   1.0804167e-01	   6.5296629e-02	   1.4748570e-01	   4.8348936e-01	   3.2305674e-01	   5.0104010e-01	   5.5707310e-01	   1.3340724e-01	   4.3768189e-01	   3.6657341e-01	   3.8680652e-01	   1.2202800e-01	   3.3561807e-01	   5.1188868e-01	   4.4604396e-01	   2.3183827e-01	   2.0863308e-01	   4.5345412e-01	   5.0394158e-01	   4.6303834e-01	   1.4773350e-01	   4.8280266e-01	   1.5325523e-01	   3.1971125e-01	   5.4061639e-01	   3.7680801e-02	   4.6778269e-01	
   2.6222984e-01	   4.3821242e-01	   3.8006842e-01	   3.5264697e-01	   2.2615544e-01	   5.2581156e-01	   4.0856744e-01	   3.7704310e-01	   4.0482928e-01	   3.0922804e-01	   4.1026744e-01	   2.9498363e-01	   1.9344720e-01	   4.1250032e-01	   2.4252925e-01	   3.9141009e-01	   3.0504467e-01	   1.7954672e-01	   0.0000000e+00	   4.1659273e-01	   3.4617719e-01	   3.9597186e-01	   4.5032808e-01	   1.7066143e-01	   2.4931877e-01	   4.8510948e-01	   5.0377185e-01	   5.5923571e-01	   4.6182846e-01	   4.2630114e-01	   4.5424985e-01	   4.5558278e-01	   1.2513375e-01	   4.2815697e-01	   4.7233109e-01	   4.4460481e-01	   2.8797381e-01	   2.6676041e-01	   4.4156547e-01	   4.3860844e-01	   1.2773746e-01	   5.1594465e-01	   5.0975058e-01	   4.0978496e-01	   2.8333517e-01	   4.4222184e-01	   5.0646750e-01	   4.3900879e-01	   4.0625208e-01	   4.8390475e-01	   3.9680755e-01	   5.9266464e-02	   4.3036407e-01	   2.5751359e-01	   4.3887029e-01	   2.4246764e-01	   2.9784273e-01	   1.9285775e-01	   5.0377185e-01	   4.4924683e-01	   4.5371536e-01	   4.4190485e-01	   3.9340828e-01	   2.2612582e-01	   2.8763012e-01	   4.8117906e-01	   9.2278249e-01	   2.5832057e-01	   3.9282117e-01	   3.0347165e-01	   2.5704302e-01	   4.7027058e-01	   5.2271514e-01	   1.2623638e-01	   2.0308228e-01	   5.3635610e-02	   4.3860844e-01	   2.1597126e-01	   4.5919500e-01	   5.1948723e-01	   2.6222984e-01	   4.1685976e-01	   2.8008729e-01	   2.9756412e-01	   1.2081879e-01	   2.3530996e-01	   4.7134514e-01	   3.8954715e-01	   2.3345260e-01	   2.8967014e-01	   4.0856744e-01	   4.6006255e-01	   4.1083965e-01	   5.9266464e-02	   4.4442401e-01	   2.6932439e-01	   2.0862074e-01	   5.0227964e-01	   1.7066143e-01	   4.2356357e-01	
   5.0642172e-01	   4.1189289e-01	   3.4321039e-01	   1.7694255e-01	   4.9087161e-01	   4.5522756e-01	   3.9281068e-01	   1.3699670e-01	   3.2734988e-02	   4.1910300e-01	   3.9681275e-01	   3.1325033e-01	   3.8011857e-01	   3.9910800e-01	   3.6792852e-01	   1.0634512e-01	   2.1825870e-01	   4.6510984e-01	   4.1659273e-01	   0.0000000e+00	   5.3757075e-01	   3.7787294e-01	   3.1268076e-01	   4.6208273e-01	   2.8270899e-01	   4.9365859e-01	   3.8427564e-01	   4.6588787e-01	   4.7854551e-01	   1.2415417e-01	   4.1042061e-01	   2.9976000e-01	   3.6072526e-01	   4.0496160e-01	   2.4498094e-01	   4.0206083e-01	   2.7883556e-01	   4.1460936e-01	   4.0200701e-01	   3.7666716e-01	   4.5460696e-01	   3.2400420e-01	   3.8323522e-01	   3.9656080e-01	   3.9062615e-01	   1.5954997e-01	   3.8509391e-01	   4.8697923e-01	   3.1873810e-02	   2.1474406e-01	   2.5722935e-01	   4.3172540e-01	   4.0802234e-01	   3.4107825e-01	   4.1391667e-01	   3.7640446e-01	   4.0160954e-01	   4.1442293e-01	   3.8427564e-01	   4.0942147e-01	   4.2148711e-01	   4.0519434e-01	   1.7620146e-01	   3.2211928e-01	   4.6904531e-01	   3.8072391e-01	   9.3106333e-01	   5.0094652e-01	   6.4037896e-02	   3.6548119e-01	   3.8120533e-01	   3.9890270e-01	   3.2591142e-01	   4.5198386e-01	   4.8135247e-01	   4.2577633e-01	   3.7666716e-01	   3.1357251e-01	   3.7720020e-01	   4.4433938e-01	   5.0642172e-01	   3.6766238e-01	   3.9053646e-01	   2.5078571e-01	   4.5005458e-01	   3.8506582e-01	   1.9056820e-01	   6.8815382e-02	   4.0659180e-01	   4.8311628e-01	   3.9281068e-01	   4.1659768e-01	   1.5788156e-01	   4.3172540e-01	   4.0479873e-01	   5.1321445e-01	   3.2360008e-01	   4.2385781e-01	   4.6208273e-01	   3.8969657e-01	
   1.5295913e-01	   5.1159271e-01	   5.1422232e-01	   5.1038891e-01	   2.0341940e-01	   5.7512678e-01	   4.9309890e-01	   5.1108391e-01	   5.3500390e-01	   4.3327511e-01	   4.9609564e-01	   4.7362075e-01	   4.2026794e-01	   4.9790448e-01	   4.2764408e-01	   5.2751364e-01	   5.0307597e-01	   2.5048149e-01	   3.4617719e-01	   5.3757075e-01	   0.0000000e+00	   5.1159472e-01	   5.2449701e-01	   2.6997779e-01	   4.7483638e-01	   5.6163405e-01	   5.7535516e-01	   6.0299620e-01	   5.4251325e-01	   5.4431738e-01	   5.2000365e-01	   5.5113474e-01	   4.0578641e-01	   5.0384956e-01	   5.8955757e-01	   5.2210569e-01	   4.9228016e-01	   4.1635770e-01	   5.2073232e-01	   5.1009509e-01	   2.9900801e-01	   6.1691558e-01	   5.8465413e-01	   4.9611641e-01	   4.4286794e-01	   5.6523024e-01	   5.9584371e-01	   5.1334995e-01	   5.3370040e-01	   5.8542817e-01	   5.4951427e-01	   3.3106499e-01	   5.0562251e-01	   4.5928923e-01	   5.1176588e-01	   4.4322492e-01	   4.3828296e-01	   3.6453977e-01	   5.7535516e-01	   5.2419832e-01	   5.2010965e-01	   5.1906856e-01	   5.2228821e-01	   4.4921472e-01	   3.3940358e-01	   5.6831621e-01	   9.3349038e-01	   1.5627446e-01	   5.2872911e-01	   4.6009838e-01	   4.4660147e-01	   5.3201038e-01	   6.2157203e-01	   2.9514077e-01	   2.1638831e-01	   3.2298497e-01	   5.1009509e-01	   4.6150931e-01	   5.2704172e-01	   5.7102024e-01	   1.5295913e-01	   5.3024696e-01	   4.4264919e-01	   4.9428331e-01	   3.0555766e-01	   4.3252180e-01	   5.5593165e-01	   5.2950609e-01	   3.9296541e-01	   3.1035389e-01	   4.9309890e-01	   5.4154567e-01	   5.2982512e-01	   3.3106499e-01	   5.2137302e-01	   1.4577110e-01	   4.5240312e-01	   5.8124461e-01	   2.6997779e-01	   4.9889578e-01	
   4.6826372e-01	   4.9266722e-01	   8.9935333e-02	   3.9497268e-01	   4.4501018e-01	   5.6858266e-01	   4.6930775e-01	   3.9695943e-01	   3.7403877e-01	   1.8747473e-01	   4.8024238e-01	   1.9091932e-01	   4.1627726e-01	   4.8368113e-01	   2.3430728e-01	   3.9746915e-01	   3.1357415e-01	   4.1232293e-01	   3.9597186e-01	   3.7787294e-01	   5.1159472e-01	   0.0000000e+00	   4.8260308e-01	   4.0814606e-01	   3.0621282e-01	   5.8272823e-01	   5.0711810e-01	   6.0637857e-01	   5.6398291e-01	   3.5594922e-01	   5.1052113e-01	   4.9241409e-01	   3.7986910e-01	   4.8555213e-01	   3.1398790e-01	   5.0101131e-01	   3.9618907e-01	   2.3602262e-01	   5.0197697e-01	   4.9823341e-01	   4.2752239e-01	   3.5711820e-01	   5.1263592e-01	   4.8130966e-01	   4.3472214e-01	   3.5018847e-01	   2.6249493e-01	   5.0765015e-01	   3.7600596e-01	   3.7396714e-01	   2.3698544e-01	   4.0674255e-01	   4.8718020e-01	   2.4957487e-01	   4.9327126e-01	   4.2541318e-01	   1.9017580e-01	   2.9877704e-01	   5.0711810e-01	   5.0479244e-01	   5.0381991e-01	   5.0173573e-01	   4.1871069e-01	   2.7215017e-01	   3.0115573e-01	   2.4067410e-01	   9.6502146e-01	   4.5931615e-01	   3.6756989e-01	   1.6479793e-01	   4.2970037e-01	   5.2252489e-01	   3.8304025e-01	   4.2305728e-01	   4.4120831e-01	   3.9381926e-01	   4.9823341e-01	   3.6647220e-01	   5.2588112e-01	   5.6127436e-01	   4.6826372e-01	   6.6624408e-02	   4.3426683e-01	   3.8589710e-01	   4.2509699e-01	   4.2765613e-01	   4.2425265e-01	   3.6903583e-01	   2.5539625e-01	   3.3334930e-01	   4.6930775e-01	   5.5225998e-01	   4.2388820e-01	   4.0674255e-01	   5.0128476e-01	   4.7632047e-01	   3.8295551e-01	   5.7991535e-01	   4.0814606e-01	   4.8510099e-01	
   5.1594365e-01	   3.1278290e-01	   4.8123473e-01	   3.0446653e-01	   5.1608243e-01	   3.1829977e-01	   3.0274759e-01	   2.5402492e-01	   3.1667547e-01	   4.9807001e-01	   3.3077231e-01	   4.4759589e-01	   3.8712604e-01	   3.3128745e-01	   4.6574077e-01	   2.9781505e-01	   3.8863885e-01	   4.9815585e-01	   4.5032808e-01	   3.1268076e-01	   5.2449701e-01	   4.8260308e-01	   0.0000000e+00	   5.0374015e-01	   4.1916200e-01	   4.5746284e-01	   3.9944218e-01	   3.5831644e-01	   4.4754179e-01	   3.3939447e-01	   2.6137778e-01	   2.0807179e-01	   4.1932298e-01	   3.0594688e-01	   4.4279930e-01	   3.4654012e-01	   3.5555242e-01	   5.0068833e-01	   3.4305875e-01	   2.4894034e-01	   4.8064664e-01	   4.9791276e-01	   4.0763453e-01	   3.3060406e-01	   3.4166079e-01	   3.9411349e-01	   5.0233194e-01	   3.6989200e-01	   3.1149221e-01	   4.1601977e-01	   4.5752590e-01	   4.6632888e-01	   3.0872449e-01	   4.7133311e-01	   3.1281584e-01	   3.6484208e-01	   4.9206767e-01	   4.7579669e-01	   3.9944218e-01	   3.4606853e-01	   3.1752679e-01	   3.3943697e-01	   2.6893005e-01	   4.3860491e-01	   5.0577940e-01	   4.6226665e-01	   8.4997701e-01	   5.1044745e-01	   3.2072965e-01	   4.7772986e-01	   3.5593329e-01	   2.6803201e-01	   4.9881522e-01	   4.7685663e-01	   4.9993148e-01	   4.5404225e-01	   2.4894034e-01	   4.0811072e-01	   2.8103846e-01	   3.1857804e-01	   5.1594365e-01	   4.8292109e-01	   3.4312632e-01	   3.4375335e-01	   4.8208185e-01	   3.6764276e-01	   2.7963260e-01	   3.2091271e-01	   4.7598289e-01	   5.1609940e-01	   3.0274759e-01	   3.6189875e-01	   2.7131407e-01	   4.6632888e-01	   3.4513089e-01	   5.1685550e-01	   3.9886266e-01	   4.2186952e-01	   5.0374015e-01	   2.8106229e-01	
