   0.0000000e+00	   3.1385617e-01	   3.2774649e-01	   3.6720835e-01	   1.8872201e-01	   3.2147063e-01	   3.1559822e-01	   3.5369779e-01	   3.4511363e-01	   3.3571855e-01	   3.2398561e-01	   3.2433383e-01	   3.3469228e-01	   3.2396902e-01	   3.3830239e-01	   3.6698871e-01	   3.2043228e-01	   2.2923315e-01	   2.9661605e-01	   3.5422929e-01	   2.2271559e-01	   3.5061454e-01	   3.2606935e-01	   2.2559318e-01	   3.2800879e-01	   3.2869634e-01	   3.6146933e-01	   3.1243146e-01	   3.2882713e-01	   3.5209848e-01	   3.2982277e-01	   3.2507876e-01	   3.4002985e-01	   3.1756776e-01	   3.6568283e-01	   3.2600340e-01	   3.3726804e-01	   3.3338887e-01	   3.4662113e-01	   3.3229071e-01	   2.8025390e-01	   3.5556213e-01	   3.4775132e-01	   3.2388605e-01	   3.4682266e-01	   3.7385243e-01	   3.5945622e-01	   3.1435244e-01	   3.5732649e-01	   3.6020312e-01	   3.3429053e-01	   3.1782155e-01	   3.1812583e-01	   3.7523017e-01	   2.9842272e-01	   3.2902323e-01	   3.3358229e-01	   3.5202214e-01	   3.6146933e-01	   3.1632974e-01	   3.2459889e-01	   3.4433399e-01	   3.5933657e-01	   3.1761853e-01	   3.2103560e-01	   3.5498720e-01	   3.2672808e-01	   1.2778819e-01	   3.4802944e-01	   3.5362180e-01	   3.3483679e-01	   8.3947568e-01	   3.5867778e-01	   2.8262218e-01	   2.3079886e-01	   3.0663136e-01	   3.3229071e-01	   3.1320470e-01	   3.0871036e-01	   3.1471132e-01	   0.0000000e+00	   3.6400328e-01	   3.5737161e-01	   3.6363392e-01	   3.3950778e-01	   3.3677362e-01	   3.6326419e-01	   3.6761798e-01	   3.3979264e-01	   3.1631274e-01	   3.1559822e-01	   3.1996224e-01	   3.4330216e-01	   3.1782155e-01	   3.4694663e-01	   1.1541107e-01	   3.7760064e-01	   3.4229863e-01	   2.2559318e-01	   3.1913800e-01	
   3.1385617e-01	   0.0000000e+00	   3.1436954e-01	   2.9109185e-01	   3.1809203e-01	   2.8815952e-01	   1.9541069e-01	   2.8357153e-01	   2.7871530e-01	   3.1614277e-01	   2.4760734e-01	   3.1339342e-01	   2.9779163e-01	   2.5137763e-01	   3.2917023e-01	   2.8596873e-01	   3.0292773e-01	   3.2818900e-01	   3.0598207e-01	   2.8165054e-01	   3.2330467e-01	   3.3295327e-01	   2.9656168e-01	   3.0668394e-01	   3.0234161e-01	   2.9085170e-01	   3.0548980e-01	   2.7718755e-01	   2.9434212e-01	   2.8671960e-01	   2.9414117e-01	   2.9944764e-01	   3.1761853e-01	   1.6235739e-01	   3.0554258e-01	   2.7644968e-01	   2.9050035e-01	   3.2428410e-01	   2.9916030e-01	   3.0282125e-01	   3.3008342e-01	   3.1375340e-01	   2.9752075e-01	   2.4238566e-01	   3.0136221e-01	   2.9903450e-01	   3.2863092e-01	   2.8184132e-01	   2.9340929e-01	   2.8972217e-01	   3.0726178e-01	   3.3958693e-01	   1.7165891e-01	   3.4973959e-01	   1.5340330e-01	   2.9865678e-01	   3.2375325e-01	   3.5887255e-01	   3.0548980e-01	   2.7842587e-01	   2.0270160e-01	   2.9780968e-01	   2.9417772e-01	   3.2545884e-01	   3.2441668e-01	   3.2710624e-01	   2.8683206e-01	   3.1496741e-01	   2.8512163e-01	   3.3309853e-01	   3.2198855e-01	   8.4500887e-01	   3.0046907e-01	   3.1722905e-01	   3.2682677e-01	   3.2641535e-01	   3.0282125e-01	   3.0310512e-01	   2.6941889e-01	   2.8621298e-01	   3.1385617e-01	   3.3766624e-01	   3.0489097e-01	   3.1875038e-01	   3.3258175e-01	   3.1922221e-01	   2.9589029e-01	   2.9809832e-01	   3.2920289e-01	   3.0554258e-01	   1.9541069e-01	   2.8579951e-01	   2.9267559e-01	   3.3958693e-01	   2.9942969e-01	   3.0490860e-01	   3.5093633e-01	   3.0663136e-01	   3.0668394e-01	   2.3233088e-01	
   3.2774649e-01	   3.1436954e-01	   0.0000000e+00	   3.3525391e-01	   3.2043228e-01	   3.5699539e-01	   3.3499728e-01	   3.4654358e-01	   3.2871269e-01	   2.3937315e-01	   3.4665214e-01	   2.3988907e-01	   3.3629445e-01	   3.3946028e-01	   2.7089125e-01	   3.4575162e-01	   3.3161061e-01	   3.1025613e-01	   3.3725210e-01	   3.3107527e-01	   3.4086664e-01	   2.1342292e-01	   3.6039707e-01	   3.2081786e-01	   3.1380479e-01	   3.3314694e-01	   3.5032313e-01	   3.5782256e-01	   3.3217746e-01	   3.4646602e-01	   3.5804781e-01	   3.6827537e-01	   3.2466512e-01	   3.1392467e-01	   2.9456118e-01	   3.1772005e-01	   3.1634673e-01	   2.7477244e-01	   3.3706079e-01	   3.6423947e-01	   3.2918656e-01	   3.1866605e-01	   3.5162491e-01	   3.3165924e-01	   3.5651325e-01	   3.5107416e-01	   3.1072356e-01	   3.3600662e-01	   3.5494177e-01	   3.3819115e-01	   2.8027308e-01	   3.4215727e-01	   3.3191845e-01	   3.2133684e-01	   3.1483086e-01	   3.3801627e-01	   2.5314619e-01	   3.1419851e-01	   3.5032313e-01	   3.1407874e-01	   3.3076665e-01	   3.2585498e-01	   3.3157819e-01	   3.1018683e-01	   3.1447212e-01	   3.0483808e-01	   3.3049028e-01	   3.2809072e-01	   3.4104006e-01	   2.3030926e-01	   3.5969540e-01	   9.1194208e-01	   3.2506222e-01	   3.3424229e-01	   3.2575599e-01	   3.3165924e-01	   3.6423947e-01	   3.1810893e-01	   3.4728730e-01	   3.4818385e-01	   3.2774649e-01	   2.5327356e-01	   3.6827537e-01	   3.3661397e-01	   3.4316122e-01	   3.4736468e-01	   3.4467725e-01	   3.3717240e-01	   2.6989729e-01	   3.1648263e-01	   3.3499728e-01	   3.6121644e-01	   3.5448716e-01	   3.4215727e-01	   3.3018111e-01	   3.2835274e-01	   3.6928109e-01	   3.4072469e-01	   3.2081786e-01	   3.3055533e-01	
   3.6720835e-01	   2.9109185e-01	   3.3525391e-01	   0.0000000e+00	   3.5710077e-01	   3.1469424e-01	   2.9559949e-01	   2.3543352e-01	   2.4062736e-01	   3.2469823e-01	   3.0312286e-01	   3.3507750e-01	   3.4173284e-01	   3.0121948e-01	   3.5705561e-01	   2.3061247e-01	   2.7898517e-01	   3.5990455e-01	   3.3099409e-01	   2.4432937e-01	   3.8071948e-01	   3.4844619e-01	   3.1306737e-01	   3.4873917e-01	   2.9641664e-01	   3.2303855e-01	   3.1440374e-01	   3.0661383e-01	   3.2917023e-01	   2.9262048e-01	   3.2215545e-01	   3.2023092e-01	   3.3240392e-01	   2.9446992e-01	   3.0139788e-01	   3.2605287e-01	   2.7128781e-01	   3.4029848e-01	   3.2203863e-01	   3.3696509e-01	   3.6494714e-01	   3.0173654e-01	   3.0830963e-01	   2.9688775e-01	   3.4696212e-01	   2.9527200e-01	   3.5562259e-01	   3.1093108e-01	   2.6180985e-01	   2.9479831e-01	   3.0592936e-01	   3.6308658e-01	   2.9735811e-01	   3.8519695e-01	   2.8881165e-01	   3.4148108e-01	   3.3814346e-01	   3.7173288e-01	   3.1440374e-01	   3.3451557e-01	   2.8677583e-01	   3.2554141e-01	   2.4160824e-01	   3.4069314e-01	   3.6176661e-01	   3.4660562e-01	   3.2592095e-01	   3.6366348e-01	   2.5380357e-01	   3.5089038e-01	   3.5607575e-01	   8.4328962e-01	   2.9690585e-01	   3.5642278e-01	   3.7019697e-01	   3.4886245e-01	   3.3696509e-01	   2.9921419e-01	   3.0712180e-01	   3.1558119e-01	   3.6720835e-01	   3.4659011e-01	   3.5315027e-01	   2.8735629e-01	   3.8601938e-01	   3.4445886e-01	   2.9311603e-01	   2.6845954e-01	   3.4768949e-01	   3.4674516e-01	   2.9559949e-01	   3.1119028e-01	   2.6271166e-01	   3.6308658e-01	   3.3029505e-01	   3.6693012e-01	   3.4906269e-01	   3.2794323e-01	   3.4873917e-01	   2.9851276e-01	
   1.8872201e-01	   3.1809203e-01	   3.2043228e-01	   3.5710077e-01	   0.0000000e+00	   3.3517373e-01	   3.1971015e-01	   3.4600027e-01	   3.4331782e-01	   3.1638071e-01	   3.2519448e-01	   3.1301586e-01	   3.3714052e-01	   3.2075084e-01	   3.2277221e-01	   3.5711583e-01	   3.2091838e-01	   1.9277980e-01	   2.9147937e-01	   3.4734921e-01	   2.5827521e-01	   3.4108734e-01	   3.3499728e-01	   2.0593745e-01	   3.0755904e-01	   3.2053291e-01	   3.6936841e-01	   3.2871269e-01	   3.1419851e-01	   3.4688465e-01	   3.4187438e-01	   3.3729991e-01	   3.2902323e-01	   3.0592936e-01	   3.5959078e-01	   3.1244866e-01	   3.2768088e-01	   3.1346202e-01	   3.3416187e-01	   3.3915929e-01	   2.7130762e-01	   3.5975517e-01	   3.5118132e-01	   3.1854796e-01	   3.5157905e-01	   3.7283021e-01	   3.6970297e-01	   3.1955880e-01	   3.6419520e-01	   3.6366348e-01	   3.3214509e-01	   3.1058514e-01	   3.1262065e-01	   3.6475561e-01	   2.9771942e-01	   3.1945786e-01	   3.1004816e-01	   3.3217746e-01	   3.6936841e-01	   3.0692922e-01	   3.2570648e-01	   3.2438354e-01	   3.4992397e-01	   3.0280350e-01	   3.1250027e-01	   3.6097827e-01	   3.2340441e-01	   1.8190563e-01	   3.4596920e-01	   3.3860414e-01	   3.4096124e-01	   8.6391876e-01	   3.5914205e-01	   2.7465504e-01	   1.9463896e-01	   2.9331768e-01	   3.3915929e-01	   3.0610501e-01	   3.2162108e-01	   3.3321147e-01	   1.8872201e-01	   3.6152880e-01	   3.6462296e-01	   3.4198442e-01	   3.2913757e-01	   3.4374029e-01	   3.5688998e-01	   3.6821698e-01	   3.2297198e-01	   3.1215607e-01	   3.1971015e-01	   3.3616656e-01	   3.4369337e-01	   3.1058514e-01	   3.2517795e-01	   1.8863654e-01	   3.6200426e-01	   3.3421013e-01	   2.0593745e-01	   3.2406855e-01	
   3.2147063e-01	   2.8815952e-01	   3.5699539e-01	   3.1469424e-01	   3.3517373e-01	   0.0000000e+00	   2.6889967e-01	   2.9501703e-01	   2.7639134e-01	   3.7157379e-01	   2.3573013e-01	   3.5513858e-01	   3.3196703e-01	   2.5629046e-01	   3.8649253e-01	   3.2039872e-01	   2.9892663e-01	   3.5678454e-01	   3.0474990e-01	   2.8832735e-01	   3.4722539e-01	   3.7444146e-01	   1.8181696e-01	   3.1275817e-01	   3.0269697e-01	   3.0361897e-01	   3.0752408e-01	   1.3028754e-01	   3.2969236e-01	   2.9118416e-01	   1.7225283e-01	   1.8509849e-01	   3.5899235e-01	   2.8920223e-01	   3.2138702e-01	   3.2026448e-01	   3.3130249e-01	   3.9126124e-01	   3.2851640e-01	   1.5003762e-01	   3.4370901e-01	   3.1272380e-01	   3.0125517e-01	   2.7304553e-01	   2.8323013e-01	   3.1744925e-01	   3.7424043e-01	   2.0341632e-01	   2.7243458e-01	   3.0897142e-01	   3.2218882e-01	   3.5852789e-01	   2.7815546e-01	   4.0978150e-01	   2.6452637e-01	   3.2661290e-01	   3.7005174e-01	   4.2383816e-01	   3.0752408e-01	   3.0361897e-01	   2.5691888e-01	   3.3440307e-01	   3.3191845e-01	   3.5972528e-01	   4.0231538e-01	   3.5687492e-01	   2.9129490e-01	   3.1687303e-01	   2.5846245e-01	   3.8754807e-01	   3.2544233e-01	   6.3950435e-01	   3.0844907e-01	   3.1651660e-01	   3.5550165e-01	   3.3451557e-01	   1.5003762e-01	   3.0726178e-01	   1.9084621e-01	   1.2707110e-01	   3.2147063e-01	   3.7498656e-01	   3.0073729e-01	   3.5747688e-01	   4.0125850e-01	   3.3345336e-01	   2.9160843e-01	   3.0848392e-01	   4.0072231e-01	   3.6348607e-01	   2.6889967e-01	   1.8119506e-01	   2.8542311e-01	   3.5852789e-01	   3.4143386e-01	   3.2833637e-01	   4.0105751e-01	   3.3156198e-01	   3.1275817e-01	   2.6951863e-01	
   3.1559822e-01	   1.9541069e-01	   3.3499728e-01	   2.9559949e-01	   3.1971015e-01	   2.6889967e-01	   0.0000000e+00	   2.9892663e-01	   2.8531009e-01	   3.3190225e-01	   2.4358023e-01	   3.3485284e-01	   3.0982271e-01	   2.4662852e-01	   3.5254092e-01	   3.0170090e-01	   3.1619377e-01	   3.3942861e-01	   3.1570039e-01	   2.8157419e-01	   3.1773697e-01	   3.4881622e-01	   2.7757512e-01	   3.1505273e-01	   3.1766930e-01	   2.7842587e-01	   3.2327141e-01	   2.5109950e-01	   2.8355258e-01	   2.9987814e-01	   2.8692574e-01	   2.7846448e-01	   3.3982428e-01	   1.7510018e-01	   3.1907062e-01	   2.5935517e-01	   3.0310512e-01	   3.4222010e-01	   2.9434212e-01	   2.8685080e-01	   3.3942861e-01	   3.1454048e-01	   3.1160455e-01	   2.4020256e-01	   3.0515530e-01	   3.1639770e-01	   3.4265961e-01	   2.6395679e-01	   2.9227126e-01	   3.0473226e-01	   3.1741538e-01	   3.5618140e-01	   1.7525360e-01	   3.7812697e-01	   1.7303120e-01	   3.0762894e-01	   3.3664591e-01	   3.7593144e-01	   3.2327141e-01	   2.6358999e-01	   2.4369054e-01	   2.8894190e-01	   3.0032592e-01	   3.4694663e-01	   3.4369337e-01	   3.3027877e-01	   2.7935100e-01	   3.1755083e-01	   2.8029226e-01	   3.5524452e-01	   3.2252231e-01	   8.0616577e-01	   2.9845874e-01	   3.2113605e-01	   3.3224218e-01	   3.3486889e-01	   2.8685080e-01	   3.1677123e-01	   2.5654201e-01	   2.7172336e-01	   3.1559822e-01	   3.5203741e-01	   3.1570039e-01	   3.3733178e-01	   3.6761798e-01	   3.1303303e-01	   3.0508484e-01	   3.0353043e-01	   3.4843077e-01	   3.2603638e-01	   0.0000000e+00	   2.6312055e-01	   2.8235579e-01	   3.5618140e-01	   2.9318937e-01	   3.0775122e-01	   3.7484319e-01	   2.9410462e-01	   3.1505273e-01	   2.7567084e-01	
   3.5369779e-01	   2.8357153e-01	   3.4654358e-01	   2.3543352e-01	   3.4600027e-01	   2.9501703e-01	   2.9892663e-01	   0.0000000e+00	   2.1525362e-01	   3.3602262e-01	   2.8936945e-01	   3.3795266e-01	   3.3393660e-01	   2.8726275e-01	   3.5569816e-01	   1.7750874e-01	   2.8201291e-01	   3.6109737e-01	   3.3615057e-01	   2.1532852e-01	   3.7677409e-01	   3.5695022e-01	   2.9529020e-01	   3.4081933e-01	   3.0898882e-01	   3.1979420e-01	   3.0971859e-01	   2.8754329e-01	   3.2250564e-01	   2.7414573e-01	   2.9362905e-01	   2.9000033e-01	   3.3972936e-01	   2.8953659e-01	   3.0100527e-01	   3.1037739e-01	   2.9282247e-01	   3.5066052e-01	   3.1668638e-01	   3.0789092e-01	   3.6175175e-01	   3.1341057e-01	   2.9351919e-01	   2.8832735e-01	   3.2846731e-01	   2.8912787e-01	   3.5568304e-01	   2.8664460e-01	   2.4258516e-01	   2.7608000e-01	   3.0823988e-01	   3.7246960e-01	   2.9372056e-01	   3.7943252e-01	   2.8203197e-01	   3.3904833e-01	   3.4080356e-01	   3.7929083e-01	   3.0971859e-01	   3.1542786e-01	   2.6242506e-01	   3.1001349e-01	   2.4987634e-01	   3.4910889e-01	   3.6003894e-01	   3.4836905e-01	   3.0741919e-01	   3.5661878e-01	   2.2420696e-01	   3.5906721e-01	   3.5661878e-01	   8.2569205e-01	   2.9285918e-01	   3.4932438e-01	   3.5713088e-01	   3.5488119e-01	   3.0789092e-01	   3.0331785e-01	   2.8953659e-01	   2.9903450e-01	   3.5369779e-01	   3.6105271e-01	   3.3627847e-01	   3.0940604e-01	   3.8046526e-01	   3.3971354e-01	   2.6624797e-01	   2.5536598e-01	   3.5397124e-01	   3.4933976e-01	   2.9892663e-01	   2.9457942e-01	   2.4470308e-01	   3.7246960e-01	   3.1940737e-01	   3.5516885e-01	   3.5462361e-01	   3.4080356e-01	   3.4081933e-01	   2.8046480e-01	
   3.4511363e-01	   2.7871530e-01	   3.2871269e-01	   2.4062736e-01	   3.4331782e-01	   2.7639134e-01	   2.8531009e-01	   2.1525362e-01	   0.0000000e+00	   3.3122136e-01	   2.8461217e-01	   3.1795682e-01	   3.2535973e-01	   2.8549843e-01	   3.4941669e-01	   2.2447052e-01	   2.6515554e-01	   3.5055321e-01	   3.1712737e-01	   1.4167199e-01	   3.5996428e-01	   3.4878540e-01	   2.7414573e-01	   3.2881079e-01	   2.8510278e-01	   3.0633321e-01	   2.9342761e-01	   2.7249376e-01	   3.0776869e-01	   2.2249828e-01	   2.8455550e-01	   2.6723538e-01	   3.2061675e-01	   2.8186039e-01	   2.8288832e-01	   3.1361631e-01	   2.8048396e-01	   3.5007755e-01	   3.1719516e-01	   2.9842272e-01	   3.4295753e-01	   2.8226059e-01	   2.7952412e-01	   2.8806623e-01	   3.0841422e-01	   2.4435137e-01	   3.2807433e-01	   2.8487645e-01	   1.4663135e-01	   2.5094960e-01	   2.7176292e-01	   3.5012361e-01	   2.8713174e-01	   3.6993552e-01	   2.6907951e-01	   3.2562396e-01	   3.3211272e-01	   3.8014018e-01	   2.9342761e-01	   3.1952515e-01	   2.5708620e-01	   3.2859820e-01	   2.6519608e-01	   3.3332437e-01	   3.6578571e-01	   3.2053291e-01	   3.1515508e-01	   3.4584489e-01	   1.2416134e-01	   3.4744205e-01	   3.4525378e-01	   8.1517008e-01	   2.6853961e-01	   3.2506222e-01	   3.5087506e-01	   3.3390441e-01	   2.9842272e-01	   2.9549037e-01	   2.8033061e-01	   2.8033061e-01	   3.4511363e-01	   3.4841534e-01	   3.1580253e-01	   2.9948354e-01	   3.6148420e-01	   3.2838548e-01	   2.4249651e-01	   1.6511497e-01	   3.5318071e-01	   3.4853874e-01	   2.8531009e-01	   2.8534777e-01	   2.6669175e-01	   3.5012361e-01	   3.2987165e-01	   3.4225152e-01	   3.4259686e-01	   3.2672808e-01	   3.2881079e-01	   2.7473331e-01	
   3.3571855e-01	   3.1614277e-01	   2.3937315e-01	   3.2469823e-01	   3.1638071e-01	   3.7157379e-01	   3.3190225e-01	   3.3602262e-01	   3.3122136e-01	   0.0000000e+00	   3.3896906e-01	   2.2537863e-01	   3.3728398e-01	   3.3358229e-01	   2.4267378e-01	   3.3052280e-01	   3.4094548e-01	   2.9860278e-01	   3.3430661e-01	   3.2957822e-01	   3.3594263e-01	   2.6055446e-01	   3.7444146e-01	   3.0399052e-01	   3.1298151e-01	   3.2391924e-01	   3.4949360e-01	   3.7392432e-01	   3.4428716e-01	   3.4259686e-01	   3.6761798e-01	   3.8160791e-01	   3.0198583e-01	   3.1814272e-01	   3.0520814e-01	   3.0980536e-01	   3.1217329e-01	   2.2770390e-01	   3.3478862e-01	   3.8342065e-01	   3.2748397e-01	   3.2699120e-01	   3.4710152e-01	   3.2298862e-01	   3.5918695e-01	   3.4433399e-01	   3.2499607e-01	   3.4903190e-01	   3.5061454e-01	   3.4056689e-01	   2.8389359e-01	   3.2977387e-01	   3.2866363e-01	   3.0020061e-01	   3.2004622e-01	   3.2712268e-01	   1.8515656e-01	   2.7229643e-01	   3.4949360e-01	   3.1930639e-01	   3.4614006e-01	   3.2575599e-01	   3.1797372e-01	   2.9068532e-01	   2.7158485e-01	   3.3032759e-01	   3.3494914e-01	   3.2727053e-01	   3.4374029e-01	   2.0110424e-01	   3.5318071e-01	   9.4100890e-01	   3.2704051e-01	   3.3395270e-01	   3.0400820e-01	   3.2537625e-01	   3.8342065e-01	   3.3011599e-01	   3.5296758e-01	   3.6163286e-01	   3.3571855e-01	   2.7492889e-01	   3.5298281e-01	   3.2368683e-01	   3.1707652e-01	   3.3282409e-01	   3.4508248e-01	   3.4069314e-01	   2.2753859e-01	   2.7629409e-01	   3.3190225e-01	   3.7067581e-01	   3.3522184e-01	   3.2977387e-01	   3.2684322e-01	   3.3245243e-01	   3.6571222e-01	   3.4461487e-01	   3.0399052e-01	   3.3359840e-01	
   3.2398561e-01	   2.4760734e-01	   3.4665214e-01	   3.0312286e-01	   3.2519448e-01	   2.3573013e-01	   2.4358023e-01	   2.8936945e-01	   2.8461217e-01	   3.3896906e-01	   0.0000000e+00	   3.3267871e-01	   3.2623416e-01	   1.5897841e-01	   3.6200426e-01	   3.0904100e-01	   3.0344188e-01	   3.5041518e-01	   3.1438664e-01	   2.7467461e-01	   3.3052280e-01	   3.5318071e-01	   2.5090676e-01	   3.1761853e-01	   3.0526097e-01	   2.8500850e-01	   3.1188043e-01	   2.2663914e-01	   2.9009299e-01	   3.0111239e-01	   2.5182627e-01	   2.5397295e-01	   3.4852332e-01	   2.4380080e-01	   3.1949151e-01	   2.4680282e-01	   3.1631274e-01	   3.4984716e-01	   2.5077819e-01	   2.5412105e-01	   3.3084790e-01	   3.1517214e-01	   3.0187901e-01	   1.6531018e-01	   3.0098741e-01	   3.2106909e-01	   3.4710152e-01	   2.5595467e-01	   2.8514048e-01	   3.0699926e-01	   3.2016377e-01	   3.5962067e-01	   2.4762905e-01	   3.9857033e-01	   2.3525080e-01	   3.1524035e-01	   3.2802518e-01	   3.9146726e-01	   3.1188043e-01	   2.4509815e-01	   2.4415331e-01	   2.5216755e-01	   3.1255187e-01	   3.5062987e-01	   3.5165548e-01	   3.3211272e-01	   2.7392997e-01	   3.2605287e-01	   2.7304553e-01	   3.6069524e-01	   3.3109151e-01	   7.6258875e-01	   3.0947553e-01	   3.0757651e-01	   3.4554946e-01	   3.3324373e-01	   2.5412105e-01	   3.0594693e-01	   2.4432937e-01	   2.4704228e-01	   3.2398561e-01	   3.5196106e-01	   3.1018683e-01	   3.4152830e-01	   3.7869515e-01	   3.2358718e-01	   3.0372517e-01	   3.0797820e-01	   3.6398851e-01	   3.2476444e-01	   2.4358023e-01	   2.2845804e-01	   2.7426335e-01	   3.5962067e-01	   2.5318865e-01	   3.2423437e-01	   3.8615861e-01	   2.8970362e-01	   3.1761853e-01	   2.7533916e-01	
   3.2433383e-01	   3.1339342e-01	   2.3988907e-01	   3.3507750e-01	   3.1301586e-01	   3.5513858e-01	   3.3485284e-01	   3.3795266e-01	   3.1795682e-01	   2.2537863e-01	   3.3267871e-01	   0.0000000e+00	   3.4352130e-01	   3.2606935e-01	   2.1647376e-01	   3.3579860e-01	   3.1383905e-01	   3.0016479e-01	   3.1712737e-01	   3.1593867e-01	   3.3209654e-01	   2.7537820e-01	   3.6347128e-01	   3.0198583e-01	   2.8430983e-01	   3.0888443e-01	   3.4858500e-01	   3.5918695e-01	   3.3170785e-01	   3.3739552e-01	   3.4918586e-01	   3.6270147e-01	   2.9665229e-01	   3.1143201e-01	   3.0107669e-01	   3.0548980e-01	   3.1139749e-01	   2.4866878e-01	   3.2664581e-01	   3.6484402e-01	   3.2972497e-01	   3.2217213e-01	   3.3175647e-01	   3.1844670e-01	   3.5331766e-01	   3.4212585e-01	   3.1893582e-01	   3.4464606e-01	   3.4528492e-01	   3.3392050e-01	   2.5235933e-01	   3.3216127e-01	   3.3073415e-01	   2.7447885e-01	   3.1760161e-01	   3.3125382e-01	   2.2744408e-01	   2.8231771e-01	   3.4858500e-01	   3.0608745e-01	   3.3263023e-01	   3.0911057e-01	   3.2784487e-01	   2.5492357e-01	   2.9501703e-01	   3.2140374e-01	   3.3384001e-01	   3.2168793e-01	   3.3295327e-01	   2.0703080e-01	   3.5583413e-01	   9.2068842e-01	   3.2308846e-01	   3.2420122e-01	   3.1184596e-01	   3.1976058e-01	   3.6484402e-01	   3.1308454e-01	   3.4259686e-01	   3.4562723e-01	   3.2433383e-01	   2.8621298e-01	   3.4981643e-01	   3.1996224e-01	   3.3008342e-01	   3.4018789e-01	   3.3674169e-01	   3.3201560e-01	   2.2751497e-01	   2.9395837e-01	   3.3485284e-01	   3.5979999e-01	   3.3279179e-01	   3.3216127e-01	   3.1136296e-01	   3.2282216e-01	   3.5725127e-01	   3.3217746e-01	   3.0198583e-01	   3.3332437e-01	
   3.3469228e-01	   2.9779163e-01	   3.3629445e-01	   3.4173284e-01	   3.3714052e-01	   3.3196703e-01	   3.0982271e-01	   3.3393660e-01	   3.2535973e-01	   3.3728398e-01	   3.2623416e-01	   3.4352130e-01	   0.0000000e+00	   3.2300527e-01	   3.4884704e-01	   3.3324373e-01	   3.1075815e-01	   3.3594263e-01	   2.7483112e-01	   3.2312173e-01	   3.5595496e-01	   3.4589151e-01	   3.3871524e-01	   3.2398561e-01	   3.0827476e-01	   3.3279179e-01	   3.3594263e-01	   3.2245564e-01	   3.5359140e-01	   3.3055533e-01	   3.4053533e-01	   3.3375949e-01	   2.9181112e-01	   3.0234161e-01	   3.2532669e-01	   3.2869634e-01	   2.9724963e-01	   3.5627194e-01	   3.4152830e-01	   3.4638844e-01	   3.1506979e-01	   3.3250093e-01	   3.3885804e-01	   3.1711042e-01	   3.1888526e-01	   3.3254943e-01	   3.4731826e-01	   3.1503567e-01	   3.4141812e-01	   3.1665243e-01	   3.2237228e-01	   3.1598971e-01	   3.1267223e-01	   3.5903727e-01	   2.9256537e-01	   2.5502897e-01	   3.4455247e-01	   3.8071948e-01	   3.3594263e-01	   3.3395270e-01	   3.0874518e-01	   3.4533161e-01	   3.3592663e-01	   3.4456807e-01	   3.6814398e-01	   3.4696212e-01	   3.3571855e-01	   3.3841359e-01	   3.2926820e-01	   3.4813753e-01	   2.6277303e-01	   8.7106303e-01	   3.2743473e-01	   3.1761853e-01	   3.3822294e-01	   3.0029012e-01	   3.4638844e-01	   2.8787958e-01	   3.2313837e-01	   3.2969236e-01	   3.3469228e-01	   3.5052254e-01	   3.3398489e-01	   3.2411831e-01	   3.2205532e-01	   2.4338154e-01	   3.1986142e-01	   3.2982277e-01	   3.6628499e-01	   3.6047163e-01	   3.0982271e-01	   3.2313837e-01	   3.2763166e-01	   3.1598971e-01	   3.4586043e-01	   3.3493309e-01	   3.5891748e-01	   3.4617112e-01	   3.2398561e-01	   3.1094836e-01	
   3.2396902e-01	   2.5137763e-01	   3.3946028e-01	   3.0121948e-01	   3.2075084e-01	   2.5629046e-01	   2.4662852e-01	   2.8726275e-01	   2.8549843e-01	   3.3358229e-01	   1.5897841e-01	   3.2606935e-01	   3.2300527e-01	   0.0000000e+00	   3.5609084e-01	   3.0762894e-01	   3.0858845e-01	   3.4772041e-01	   3.1939055e-01	   2.7249376e-01	   3.3099409e-01	   3.4441204e-01	   2.7582678e-01	   3.1885155e-01	   3.0608745e-01	   2.7363547e-01	   3.1144927e-01	   2.3786389e-01	   2.6927920e-01	   2.9656168e-01	   2.7180248e-01	   2.6775784e-01	   3.4995469e-01	   2.4098451e-01	   3.1442083e-01	   2.3890113e-01	   3.1438664e-01	   3.3915929e-01	   2.2793984e-01	   2.6969806e-01	   3.2756603e-01	   3.2263895e-01	   3.0810034e-01	   1.1789926e-01	   3.0221714e-01	   3.1977739e-01	   3.4278508e-01	   2.6634889e-01	   2.8703812e-01	   3.0314059e-01	   3.1205273e-01	   3.5750696e-01	   2.5559741e-01	   4.0180736e-01	   2.3894612e-01	   3.1406162e-01	   3.1782155e-01	   3.8836552e-01	   3.1144927e-01	   2.3636773e-01	   2.4160824e-01	   2.2720763e-01	   3.0321151e-01	   3.4898569e-01	   3.3782539e-01	   3.2661290e-01	   2.7811680e-01	   3.2534321e-01	   2.7037485e-01	   3.5451749e-01	   3.3446736e-01	   7.7968729e-01	   3.1287845e-01	   3.0752408e-01	   3.4237714e-01	   3.3685341e-01	   2.6969806e-01	   3.1243146e-01	   2.4426336e-01	   2.6801868e-01	   3.2396902e-01	   3.4949360e-01	   3.1831163e-01	   3.4242423e-01	   3.7930500e-01	   3.2193847e-01	   3.0768135e-01	   3.0677157e-01	   3.5780753e-01	   3.2583848e-01	   2.4662852e-01	   2.4549259e-01	   2.8151692e-01	   3.5750696e-01	   2.3253901e-01	   3.2315500e-01	   3.8014018e-01	   2.6539869e-01	   3.1885155e-01	   2.7130762e-01	
   3.3830239e-01	   3.2917023e-01	   2.7089125e-01	   3.5705561e-01	   3.2277221e-01	   3.8649253e-01	   3.5254092e-01	   3.5569816e-01	   3.4941669e-01	   2.4267378e-01	   3.6200426e-01	   2.1647376e-01	   3.4884704e-01	   3.5609084e-01	   0.0000000e+00	   3.4503575e-01	   3.4408414e-01	   3.0984006e-01	   3.3645425e-01	   3.4835362e-01	   3.3224218e-01	   3.0073729e-01	   3.8407898e-01	   3.1842982e-01	   3.1219050e-01	   3.3581460e-01	   3.7940419e-01	   3.8544805e-01	   3.4428716e-01	   3.6182604e-01	   3.8021088e-01	   3.9071133e-01	   2.9840470e-01	   3.2848368e-01	   3.2150407e-01	   3.2853277e-01	   3.1989503e-01	   2.2451841e-01	   3.5108947e-01	   3.9163199e-01	   3.4686916e-01	   3.4924743e-01	   3.6750099e-01	   3.4222010e-01	   3.6234562e-01	   3.5897738e-01	   3.3144848e-01	   3.6847965e-01	   3.7128436e-01	   3.4818385e-01	   2.9641664e-01	   3.3912759e-01	   3.4903190e-01	   2.5075676e-01	   3.3906419e-01	   3.4334913e-01	   2.4105141e-01	   2.3233088e-01	   3.7940419e-01	   3.2912124e-01	   3.4545611e-01	   3.3621452e-01	   3.4470844e-01	   2.4871201e-01	   2.8974073e-01	   3.3674169e-01	   3.5535042e-01	   3.3066914e-01	   3.6441652e-01	   2.1193176e-01	   3.6881501e-01	   9.5777887e-01	   3.3726804e-01	   3.5836294e-01	   3.2396902e-01	   3.2996941e-01	   3.9163199e-01	   3.2562396e-01	   3.6106760e-01	   3.7705931e-01	   3.3830239e-01	   3.0113024e-01	   3.6610885e-01	   3.2879444e-01	   3.2011340e-01	   3.6710587e-01	   3.4932438e-01	   3.5180830e-01	   1.8143222e-01	   2.8495191e-01	   3.5254092e-01	   3.8607508e-01	   3.6071014e-01	   3.3912759e-01	   3.3675766e-01	   3.3691723e-01	   3.5945622e-01	   3.4536274e-01	   3.1842982e-01	   3.3198322e-01	
   3.6698871e-01	   2.8596873e-01	   3.4575162e-01	   2.3061247e-01	   3.5711583e-01	   3.2039872e-01	   3.0170090e-01	   1.7750874e-01	   2.2447052e-01	   3.3052280e-01	   3.0904100e-01	   3.3579860e-01	   3.3324373e-01	   3.0762894e-01	   3.4503575e-01	   0.0000000e+00	   2.9173743e-01	   3.6348607e-01	   3.4010888e-01	   2.3007575e-01	   3.7892219e-01	   3.5202214e-01	   3.1581955e-01	   3.5383454e-01	   3.0444990e-01	   3.3204798e-01	   3.2345427e-01	   3.1836229e-01	   3.3674169e-01	   2.7565134e-01	   3.2080111e-01	   3.1605774e-01	   3.1089650e-01	   2.9320771e-01	   3.0710430e-01	   3.2791045e-01	   2.8084784e-01	   3.3723616e-01	   3.3078290e-01	   3.3777765e-01	   3.6563873e-01	   3.0935392e-01	   3.0657877e-01	   3.0054062e-01	   3.3037641e-01	   2.8362839e-01	   3.4796765e-01	   3.1380479e-01	   2.5233802e-01	   2.7201993e-01	   3.1048128e-01	   3.6552110e-01	   2.9838669e-01	   3.5690504e-01	   2.8931372e-01	   3.3969772e-01	   3.4204728e-01	   3.6044181e-01	   3.2345427e-01	   3.3757072e-01	   2.7158485e-01	   3.3076665e-01	   2.4656313e-01	   3.4627980e-01	   3.5321115e-01	   3.4206300e-01	   3.1772005e-01	   3.6834834e-01	   2.4171946e-01	   3.4779769e-01	   3.6329378e-01	   8.7445041e-01	   2.8645702e-01	   3.5997922e-01	   3.6302736e-01	   3.5289143e-01	   3.3777765e-01	   3.0724429e-01	   3.1337627e-01	   3.1770314e-01	   3.6698871e-01	   3.5530504e-01	   3.4512921e-01	   2.9153469e-01	   3.6434276e-01	   3.4751939e-01	   2.6521635e-01	   2.4494459e-01	   3.4262824e-01	   3.4323953e-01	   3.0170090e-01	   3.2280551e-01	   2.4838762e-01	   3.6552110e-01	   3.3377560e-01	   3.6453450e-01	   3.3914344e-01	   3.5199160e-01	   3.5383454e-01	   2.8216535e-01	
   3.2043228e-01	   3.0292773e-01	   3.3161061e-01	   2.7898517e-01	   3.2091838e-01	   2.9892663e-01	   3.1619377e-01	   2.8201291e-01	   2.6515554e-01	   3.4094548e-01	   3.0344188e-01	   3.1383905e-01	   3.1075815e-01	   3.0858845e-01	   3.4408414e-01	   2.9173743e-01	   0.0000000e+00	   3.2293869e-01	   2.8810355e-01	   2.6979770e-01	   3.4790586e-01	   3.5682973e-01	   3.0909318e-01	   3.0216377e-01	   2.1567772e-01	   3.3083165e-01	   3.2654706e-01	   2.8739370e-01	   3.2792684e-01	   2.7296677e-01	   3.1229379e-01	   3.0850135e-01	   2.8166962e-01	   3.1222494e-01	   2.8931372e-01	   3.2867998e-01	   2.8315421e-01	   3.4748845e-01	   3.3522184e-01	   3.2091838e-01	   3.3001828e-01	   2.9808029e-01	   3.1263784e-01	   2.9894461e-01	   3.1177701e-01	   2.7809748e-01	   3.5824292e-01	   2.9265722e-01	   2.7678002e-01	   2.8912787e-01	   2.7077217e-01	   3.2995312e-01	   3.1265504e-01	   3.5761219e-01	   2.9826056e-01	   3.2867998e-01	   3.3597463e-01	   3.7332007e-01	   3.2654706e-01	   3.2890886e-01	   2.8440434e-01	   3.3334050e-01	   2.9986021e-01	   2.8970362e-01	   3.5977011e-01	   3.5939640e-01	   3.2704051e-01	   3.2682677e-01	   2.7369439e-01	   3.4648153e-01	   3.3392050e-01	   8.2625171e-01	   3.0239494e-01	   3.1871665e-01	   3.3475651e-01	   3.0492623e-01	   3.2091838e-01	   2.3982184e-01	   3.0129085e-01	   3.0469698e-01	   3.2043228e-01	   3.6865466e-01	   3.2257230e-01	   2.8922081e-01	   3.5067585e-01	   3.3467622e-01	   2.9603558e-01	   2.7576831e-01	   3.4972422e-01	   3.5377377e-01	   3.1619377e-01	   2.9168215e-01	   2.8033061e-01	   3.2995312e-01	   3.3985591e-01	   3.2507876e-01	   3.3369507e-01	   3.4020369e-01	   3.0216377e-01	   2.9144249e-01	
   2.2923315e-01	   3.2818900e-01	   3.1025613e-01	   3.5990455e-01	   1.9277980e-01	   3.5678454e-01	   3.3942861e-01	   3.6109737e-01	   3.5055321e-01	   2.9860278e-01	   3.5041518e-01	   3.0016479e-01	   3.3594263e-01	   3.4772041e-01	   3.0984006e-01	   3.6348607e-01	   3.2293869e-01	   0.0000000e+00	   2.8197479e-01	   3.5673934e-01	   2.8010042e-01	   3.2930084e-01	   3.5914205e-01	   1.5434647e-01	   3.1826097e-01	   3.4887786e-01	   3.7957416e-01	   3.5246468e-01	   3.4562723e-01	   3.4615559e-01	   3.6409187e-01	   3.6093359e-01	   3.0930179e-01	   3.3245243e-01	   3.5085974e-01	   3.4237714e-01	   3.2733622e-01	   3.0262593e-01	   3.5713088e-01	   3.6706194e-01	   2.5796284e-01	   3.5947117e-01	   3.6488822e-01	   3.4133939e-01	   3.5494177e-01	   3.6379648e-01	   3.6341212e-01	   3.4949360e-01	   3.6582979e-01	   3.6983380e-01	   3.3242009e-01	   2.8789825e-01	   3.3912759e-01	   3.5539579e-01	   3.1704261e-01	   3.1934005e-01	   3.1299869e-01	   3.0933655e-01	   3.7957416e-01	   3.3408144e-01	   3.3583061e-01	   3.5165548e-01	   3.6195972e-01	   2.9035229e-01	   3.1027346e-01	   3.5565282e-01	   3.4469285e-01	   2.1992258e-01	   3.6184089e-01	   3.2689255e-01	   3.3445129e-01	   8.9703758e-01	   3.6361914e-01	   2.6857964e-01	   1.9194150e-01	   2.7021576e-01	   3.6706194e-01	   3.0871036e-01	   3.3793675e-01	   3.5039984e-01	   2.2923315e-01	   3.4685366e-01	   3.5893246e-01	   3.2957822e-01	   3.0645601e-01	   3.3549432e-01	   3.6020312e-01	   3.6527102e-01	   3.0444990e-01	   3.1610876e-01	   3.3942861e-01	   3.5885757e-01	   3.6219724e-01	   2.8789825e-01	   3.5119662e-01	   2.2760945e-01	   3.6276074e-01	   3.6524159e-01	   1.5434647e-01	   3.2872904e-01	
   2.9661605e-01	   3.0598207e-01	   3.3725210e-01	   3.3099409e-01	   2.9147937e-01	   3.0474990e-01	   3.1570039e-01	   3.3615057e-01	   3.1712737e-01	   3.3430661e-01	   3.1438664e-01	   3.1712737e-01	   2.7483112e-01	   3.1939055e-01	   3.3645425e-01	   3.4010888e-01	   2.8810355e-01	   2.8197479e-01	   0.0000000e+00	   3.2065027e-01	   3.2521101e-01	   3.4765857e-01	   3.1067166e-01	   2.5422679e-01	   2.7886954e-01	   3.4353694e-01	   3.5160962e-01	   2.9842272e-01	   3.3925437e-01	   3.1839606e-01	   3.1368486e-01	   3.1373627e-01	   2.4454927e-01	   3.0881481e-01	   3.2825451e-01	   3.3366285e-01	   2.9923216e-01	   3.4189010e-01	   3.4782860e-01	   3.1878411e-01	   2.6993712e-01	   3.3722022e-01	   3.4110310e-01	   3.1704261e-01	   3.1614277e-01	   3.3518977e-01	   3.4901649e-01	   3.0610501e-01	   3.2582198e-01	   3.2838548e-01	   3.1378766e-01	   2.1975143e-01	   3.1947468e-01	   3.4495785e-01	   2.9208729e-01	   2.9216089e-01	   3.3486889e-01	   3.5394086e-01	   3.5160962e-01	   3.3195083e-01	   3.0326468e-01	   3.4753486e-01	   3.4938592e-01	   2.9874676e-01	   3.6688617e-01	   3.5059920e-01	   3.3846124e-01	   2.9833264e-01	   3.1678820e-01	   3.3565450e-01	   2.9287754e-01	   8.4037162e-01	   3.3089663e-01	   2.7658575e-01	   2.9670664e-01	   1.7970568e-01	   3.1878411e-01	   2.5105668e-01	   3.0769882e-01	   3.0650863e-01	   2.9661605e-01	   3.6026281e-01	   3.2471478e-01	   3.1067166e-01	   3.0638584e-01	   2.9490769e-01	   3.2140374e-01	   3.2874539e-01	   3.4989325e-01	   3.4477081e-01	   3.1570039e-01	   3.0234161e-01	   3.2674453e-01	   2.1975143e-01	   3.4592259e-01	   2.9966297e-01	   3.4245562e-01	   3.5189996e-01	   2.5422679e-01	   3.0267921e-01	
   3.5422929e-01	   2.8165054e-01	   3.3107527e-01	   2.4432937e-01	   3.4734921e-01	   2.8832735e-01	   2.8157419e-01	   2.1532852e-01	   1.4167199e-01	   3.2957822e-01	   2.7467461e-01	   3.1593867e-01	   3.2312173e-01	   2.7249376e-01	   3.4835362e-01	   2.3007575e-01	   2.6979770e-01	   3.5673934e-01	   3.2065027e-01	   0.0000000e+00	   3.5513858e-01	   3.4220440e-01	   2.9053735e-01	   3.3233923e-01	   2.9278576e-01	   2.9241835e-01	   2.9461592e-01	   2.8353362e-01	   3.0413194e-01	   2.2796342e-01	   2.9070381e-01	   2.7463547e-01	   3.2677743e-01	   2.7570983e-01	   2.8544194e-01	   2.9112878e-01	   2.8495191e-01	   3.4258117e-01	   2.9541759e-01	   3.0912796e-01	   3.4444325e-01	   2.8357153e-01	   2.8423420e-01	   2.7286829e-01	   3.1426694e-01	   2.5161273e-01	   3.3248477e-01	   2.9123954e-01	   1.6663800e-01	   2.5301876e-01	   2.8544194e-01	   3.4711701e-01	   2.8883026e-01	   3.7468542e-01	   2.6949869e-01	   3.2308846e-01	   3.3112398e-01	   3.8260668e-01	   2.9461592e-01	   2.9549037e-01	   2.5981072e-01	   2.9797208e-01	   2.6281394e-01	   3.3411361e-01	   3.5615122e-01	   3.2758244e-01	   3.0473226e-01	   3.5220533e-01	   1.5493738e-01	   3.4637292e-01	   3.4449006e-01	   8.2714249e-01	   2.6723538e-01	   3.2649767e-01	   3.5542604e-01	   3.3398489e-01	   3.0912796e-01	   3.0354814e-01	   2.8187946e-01	   2.9232643e-01	   3.5422929e-01	   3.4654358e-01	   3.1984462e-01	   3.1551305e-01	   3.6443127e-01	   3.1859858e-01	   2.4154149e-01	   1.9289130e-01	   3.4847704e-01	   3.4276940e-01	   2.8157419e-01	   2.9933992e-01	   2.6100792e-01	   3.4711701e-01	   2.9980643e-01	   3.4762765e-01	   3.5186941e-01	   3.1848045e-01	   3.3233923e-01	   2.8587473e-01	
   2.2271559e-01	   3.2330467e-01	   3.4086664e-01	   3.8071948e-01	   2.5827521e-01	   3.4722539e-01	   3.1773697e-01	   3.7677409e-01	   3.5996428e-01	   3.3594263e-01	   3.3052280e-01	   3.3209654e-01	   3.5595496e-01	   3.3099409e-01	   3.3224218e-01	   3.7892219e-01	   3.4790586e-01	   2.8010042e-01	   3.2521101e-01	   3.5513858e-01	   0.0000000e+00	   3.6632901e-01	   3.5377377e-01	   2.8002365e-01	   3.4506690e-01	   3.3032759e-01	   3.6979019e-01	   3.3655009e-01	   3.2272224e-01	   3.6271629e-01	   3.5403197e-01	   3.4143386e-01	   3.5296758e-01	   3.2370344e-01	   3.6403281e-01	   3.1431824e-01	   3.5131904e-01	   3.3167544e-01	   3.4275372e-01	   3.5539579e-01	   3.1683910e-01	   3.6410663e-01	   3.6145445e-01	   3.2488028e-01	   3.6729616e-01	   3.8179098e-01	   3.6500605e-01	   3.3960276e-01	   3.5945622e-01	   3.6750099e-01	   3.4932438e-01	   3.4124489e-01	   3.3427445e-01	   3.7691673e-01	   3.1201828e-01	   3.3421013e-01	   3.3624650e-01	   3.4938592e-01	   3.6979019e-01	   3.1015217e-01	   3.3608660e-01	   3.3793675e-01	   3.7006627e-01	   3.2876174e-01	   3.1563228e-01	   3.6304216e-01	   3.3957111e-01	   2.2911588e-01	   3.6065053e-01	   3.4967811e-01	   3.4953973e-01	   8.7558071e-01	   3.5400160e-01	   3.1944103e-01	   2.7186180e-01	   3.3295327e-01	   3.5539579e-01	   3.3936526e-01	   3.2443325e-01	   3.4330216e-01	   2.2271559e-01	   3.6992099e-01	   3.7601722e-01	   3.7900729e-01	   3.4397477e-01	   3.5292189e-01	   3.6465244e-01	   3.7272928e-01	   3.2633300e-01	   3.1248307e-01	   3.1773697e-01	   3.4719443e-01	   3.6750099e-01	   3.4124489e-01	   3.3717240e-01	   1.9642581e-01	   3.9316620e-01	   3.4085087e-01	   2.8002365e-01	   3.3029505e-01	
   3.5061454e-01	   3.3295327e-01	   2.1342292e-01	   3.4844619e-01	   3.4108734e-01	   3.7444146e-01	   3.4881622e-01	   3.5695022e-01	   3.4878540e-01	   2.6055446e-01	   3.5318071e-01	   2.7537820e-01	   3.4589151e-01	   3.4441204e-01	   3.0073729e-01	   3.5202214e-01	   3.5682973e-01	   3.2930084e-01	   3.4765857e-01	   3.4220440e-01	   3.6632901e-01	   0.0000000e+00	   3.8356082e-01	   3.3467622e-01	   3.3499728e-01	   3.4302022e-01	   3.6406234e-01	   3.7399618e-01	   3.4586043e-01	   3.7459933e-01	   3.6810018e-01	   3.7671703e-01	   3.3469228e-01	   3.3029505e-01	   3.1421562e-01	   3.3037641e-01	   3.2685966e-01	   3.0550739e-01	   3.3850888e-01	   3.8028156e-01	   3.3412970e-01	   3.2592095e-01	   3.6941207e-01	   3.4166992e-01	   3.5773241e-01	   3.7337766e-01	   2.8647578e-01	   3.5144142e-01	   3.7057429e-01	   3.5062987e-01	   3.1042934e-01	   3.4526935e-01	   3.5278479e-01	   3.3591063e-01	   3.3416187e-01	   3.4314555e-01	   2.6773776e-01	   3.2659644e-01	   3.6406234e-01	   3.1460883e-01	   3.4237714e-01	   3.2531017e-01	   3.4215727e-01	   3.2936613e-01	   3.3334050e-01	   2.9014858e-01	   3.3348560e-01	   3.5713088e-01	   3.6126108e-01	   2.6330434e-01	   3.5839293e-01	   9.2888385e-01	   3.2895788e-01	   3.3784130e-01	   3.3343724e-01	   3.4264392e-01	   3.8028156e-01	   3.4265961e-01	   3.6120156e-01	   3.6769108e-01	   3.5061454e-01	   2.1284287e-01	   3.6370782e-01	   3.4548723e-01	   3.4821472e-01	   3.5168605e-01	   3.5908218e-01	   3.5956088e-01	   3.0696425e-01	   3.3075040e-01	   3.4881622e-01	   3.7653149e-01	   3.5231214e-01	   3.4526935e-01	   3.2905591e-01	   3.5228163e-01	   3.7329128e-01	   3.5944126e-01	   3.3467622e-01	   3.3946028e-01	
   3.2606935e-01	   2.9656168e-01	   3.6039707e-01	   3.1306737e-01	   3.3499728e-01	   1.8181696e-01	   2.7757512e-01	   2.9529020e-01	   2.7414573e-01	   3.7444146e-01	   2.5090676e-01	   3.6347128e-01	   3.3871524e-01	   2.7582678e-01	   3.8407898e-01	   3.1581955e-01	   3.0909318e-01	   3.5914205e-01	   3.1067166e-01	   2.9053735e-01	   3.5377377e-01	   3.8356082e-01	   0.0000000e+00	   3.2388605e-01	   3.1167355e-01	   3.0459111e-01	   3.1153555e-01	   1.7796238e-01	   3.2918656e-01	   2.9112878e-01	   2.1502876e-01	   2.0190450e-01	   3.5711583e-01	   2.9342761e-01	   3.2160437e-01	   3.2175476e-01	   3.3001828e-01	   3.9423114e-01	   3.3610259e-01	   2.2225656e-01	   3.4397477e-01	   3.0911057e-01	   3.0884962e-01	   2.8262218e-01	   2.9074079e-01	   3.2200525e-01	   3.7388119e-01	   2.2777470e-01	   2.7288799e-01	   3.1501861e-01	   3.2213876e-01	   3.5797274e-01	   2.7967792e-01	   4.1005687e-01	   2.7541724e-01	   3.3071790e-01	   3.7405367e-01	   4.1936309e-01	   3.1153555e-01	   3.0848392e-01	   2.6971799e-01	   3.5116601e-01	   3.3267871e-01	   3.6862550e-01	   3.9770628e-01	   3.5538067e-01	   3.0228827e-01	   3.2952929e-01	   2.6232262e-01	   3.9669133e-01	   3.3193464e-01	   6.9444303e-01	   3.0696425e-01	   3.2636594e-01	   3.5681467e-01	   3.2764807e-01	   2.2225656e-01	   3.1395891e-01	   2.2590271e-01	   2.0914894e-01	   3.2606935e-01	   3.7648866e-01	   3.0278575e-01	   3.5093633e-01	   3.9408113e-01	   3.3587862e-01	   2.7950489e-01	   3.0559535e-01	   3.9847592e-01	   3.6785185e-01	   2.7757512e-01	   1.9626156e-01	   2.9383035e-01	   3.5797274e-01	   3.4978569e-01	   3.3419404e-01	   3.9305681e-01	   3.4579826e-01	   3.2388605e-01	   2.7852238e-01	
