   0.0000000e+00	   5.2089076e-01	   6.0115368e-01	   6.6307542e-01	   2.5017574e-01	   5.2924305e-01	   5.0043365e-01	   6.0651479e-01	   5.4114708e-01	   5.8007391e-01	   5.3011768e-01	   5.4987681e-01	   5.2940503e-01	   5.4538008e-01	   5.0732888e-01	   6.0989751e-01	   7.3436229e-01	   4.9015902e-01	   5.4208158e-01	   5.2416737e-01	   3.9681954e-01	   5.3932954e-01	   5.0518986e-01	   3.8855132e-01	   6.1109719e-01	   5.1691579e-01	   4.9532943e-01	   4.8951199e-01	   5.1408868e-01	   5.2267511e-01	   5.3166503e-01	   4.9498959e-01	   5.9140669e-01	   5.0694864e-01	   6.2369561e-01	   4.9488154e-01	   5.8063929e-01	   5.4619800e-01	   5.2402346e-01	   5.0127592e-01	   6.0032301e-01	   6.5687457e-01	   5.1748138e-01	   5.2701817e-01	   6.5179620e-01	   5.5059542e-01	   5.3570498e-01	   5.3751234e-01	   5.1723926e-01	   5.4199686e-01	   5.7742317e-01	   5.7213591e-01	   5.0338943e-01	   5.0024632e-01	   4.9861226e-01	   6.5170746e-01	   5.3539131e-01	   4.6364469e-01	   4.9532943e-01	   4.9367144e-01	   4.9133873e-01	   5.1168235e-01	   5.9074117e-01	   6.3004151e-01	   4.9152413e-01	   5.0347372e-01	   4.9287898e-01	   2.3361322e-01	   4.9192900e-01	   5.8636403e-01	   5.8991406e-01	   4.8850995e-01	   6.0873487e-01	   5.6235498e-01	   5.7239949e-01	   5.0254001e-01	   5.0127592e-01	   5.8743218e-01	   4.8850995e-01	   5.1885163e-01	   0.0000000e+00	   5.7519744e-01	   9.3295567e-01	   7.5759454e-01	   5.1704116e-01	   5.8041325e-01	   5.4841265e-01	   4.9425805e-01	   5.1128687e-01	   4.5708760e-01	   5.0043365e-01	   4.9120710e-01	   5.2502802e-01	   5.7213591e-01	   5.1105717e-01	   2.0356522e-01	   6.0363427e-01	   4.8228019e-01	   3.8855132e-01	   4.8850995e-01	
   5.2089076e-01	   0.0000000e+00	   4.2640930e-01	   4.9516013e-01	   4.5963814e-01	   2.7289806e-01	   1.7381159e-01	   4.2070342e-01	   3.1455843e-01	   3.9886610e-01	   2.3830786e-01	   3.6907424e-01	   3.6970722e-01	   2.7574642e-01	   3.3701389e-01	   4.2325726e-01	   6.0428247e-01	   5.3890932e-01	   4.3263443e-01	   2.8276416e-01	   4.1670770e-01	   3.1027779e-01	   2.3368661e-01	   4.0640773e-01	   4.5891579e-01	   3.3084841e-01	   2.3950127e-01	   1.7509687e-01	   3.2950737e-01	   2.7573430e-01	   2.8736936e-01	   2.1946443e-01	   4.5167317e-01	   8.0583011e-02	   4.4787754e-01	   1.4781979e-01	   4.3717764e-01	   3.9374839e-01	   2.3930217e-01	   2.0990894e-01	   5.1065153e-01	   4.9328185e-01	   2.7648060e-01	   2.5230136e-01	   5.0526953e-01	   3.2208805e-01	   3.0412313e-01	   3.0322637e-01	   2.7796405e-01	   3.2468311e-01	   4.0449419e-01	   5.2282523e-01	   1.1021749e-01	   3.1150243e-01	   9.0611219e-02	   5.4548745e-01	   3.2240191e-01	   3.1009415e-01	   2.3950127e-01	   1.4953803e-01	   1.5218121e-01	   1.7648893e-01	   3.9167769e-01	   5.0568667e-01	   3.2890661e-01	   2.3563111e-01	   2.2063067e-01	   4.9577487e-01	   2.0414903e-01	   4.1623456e-01	   4.4014287e-01	   1.8882968e-01	   4.2205562e-01	   4.8406968e-01	   6.0883059e-01	   3.5114521e-01	   2.0990894e-01	   4.5625357e-01	   1.8882968e-01	   2.5281920e-01	   5.2089076e-01	   3.6786626e-01	   8.3367621e-01	   6.3766825e-01	   3.9912214e-01	   4.9421071e-01	   3.4679742e-01	   2.1254044e-01	   3.8244193e-01	   3.1153182e-01	   1.7381159e-01	   1.7882990e-01	   2.8462100e-01	   5.2282523e-01	   1.8683832e-01	   4.5425379e-01	   4.6596105e-01	   2.1475236e-01	   4.0640773e-01	   1.8882968e-01	
   6.0115368e-01	   4.2640930e-01	   0.0000000e+00	   5.6830639e-01	   5.4580783e-01	   4.3517067e-01	   4.0355076e-01	   5.3141542e-01	   4.4569186e-01	   4.1861470e-01	   4.4497920e-01	   4.0945597e-01	   4.5260265e-01	   4.6916938e-01	   3.9312345e-01	   5.2610801e-01	   6.6139873e-01	   6.1397204e-01	   5.1664022e-01	   4.1738298e-01	   5.2289054e-01	   3.4197741e-01	   3.8523063e-01	   5.0638937e-01	   5.3655553e-01	   4.6358012e-01	   3.9411027e-01	   3.8429020e-01	   4.6068121e-01	   4.2328266e-01	   4.4294295e-01	   3.9263928e-01	   5.1947918e-01	   4.0987702e-01	   5.2552544e-01	   3.9804334e-01	   4.9903555e-01	   4.3074935e-01	   4.4314073e-01	   4.0075720e-01	   5.9178718e-01	   5.6121916e-01	   4.0917372e-01	   4.5178769e-01	   5.4297379e-01	   4.4549618e-01	   4.0354356e-01	   4.5358726e-01	   4.2229759e-01	   4.2488528e-01	   4.5678197e-01	   5.9647761e-01	   4.0390026e-01	   4.0007201e-01	   3.9866749e-01	   5.9583604e-01	   3.7005766e-01	   4.1651307e-01	   3.9411027e-01	   3.9160682e-01	   3.8926350e-01	   4.1892319e-01	   4.8949418e-01	   5.5687093e-01	   4.3849362e-01	   3.8830627e-01	   3.8346989e-01	   5.7858319e-01	   3.8471651e-01	   3.5225419e-01	   5.2745778e-01	   3.8328757e-01	   5.1115782e-01	   5.7038884e-01	   6.7953592e-01	   4.5541961e-01	   4.0075720e-01	   5.3275174e-01	   3.8328757e-01	   4.2049543e-01	   6.0115368e-01	   3.7800511e-01	   8.7442575e-01	   6.4421468e-01	   5.0399240e-01	   5.7721677e-01	   4.7483762e-01	   3.8701264e-01	   4.3073450e-01	   4.3073012e-01	   4.0355076e-01	   3.7828372e-01	   4.2806676e-01	   5.9647761e-01	   4.1378208e-01	   5.5385372e-01	   5.3957871e-01	   4.0106421e-01	   5.0638937e-01	   3.8328757e-01	
   6.6307542e-01	   4.9516013e-01	   5.6830639e-01	   0.0000000e+00	   6.1362568e-01	   5.0685633e-01	   4.7710421e-01	   5.1643232e-01	   4.8551448e-01	   5.3478733e-01	   5.0853592e-01	   5.2601161e-01	   5.4892805e-01	   5.2627399e-01	   5.0530203e-01	   4.4598781e-01	   6.8938406e-01	   6.7740480e-01	   5.6645158e-01	   4.5927884e-01	   5.7647513e-01	   4.9460280e-01	   4.6786359e-01	   5.7494323e-01	   5.8296315e-01	   5.1618830e-01	   4.8007376e-01	   4.6059698e-01	   5.2412938e-01	   4.8133435e-01	   5.1214562e-01	   4.7161269e-01	   5.5288208e-01	   4.8173813e-01	   5.8611342e-01	   4.7289030e-01	   5.4020477e-01	   5.4732702e-01	   4.9472236e-01	   4.7560178e-01	   6.5579721e-01	   6.4038504e-01	   4.9141562e-01	   5.1381329e-01	   6.3649720e-01	   4.9615430e-01	   5.0962177e-01	   5.1521755e-01	   4.7152332e-01	   5.1190211e-01	   5.5082420e-01	   6.6021695e-01	   4.7596585e-01	   5.0382341e-01	   4.7178120e-01	   6.6036132e-01	   5.0881074e-01	   4.8338625e-01	   4.8007376e-01	   4.6608765e-01	   4.6447671e-01	   4.8437608e-01	   5.2398713e-01	   6.3720570e-01	   5.0299263e-01	   4.7725312e-01	   4.6973554e-01	   6.4203852e-01	   4.5821133e-01	   5.6036767e-01	   5.9540640e-01	   4.6078435e-01	   5.7645446e-01	   6.2875342e-01	   7.3340312e-01	   5.2865926e-01	   4.7560178e-01	   5.6072076e-01	   4.6078435e-01	   4.9460897e-01	   6.6307542e-01	   5.2482926e-01	   9.2192499e-01	   6.4912650e-01	   5.7346553e-01	   6.3433214e-01	   5.1119165e-01	   4.5248769e-01	   5.3423353e-01	   5.0864849e-01	   4.7710421e-01	   4.6462779e-01	   4.9684210e-01	   6.6021695e-01	   4.8276837e-01	   6.1259062e-01	   5.8563323e-01	   4.7472559e-01	   5.7494323e-01	   4.6078435e-01	
   2.5017574e-01	   4.5963814e-01	   5.4580783e-01	   6.1362568e-01	   0.0000000e+00	   4.7062318e-01	   4.3787180e-01	   5.4971267e-01	   4.8198723e-01	   5.2437109e-01	   4.7053980e-01	   4.9218239e-01	   4.7629699e-01	   4.8959333e-01	   4.5470942e-01	   5.5780149e-01	   6.8504708e-01	   4.2587699e-01	   4.8429327e-01	   4.6136867e-01	   4.0909026e-01	   4.7823438e-01	   4.4165109e-01	   3.0839731e-01	   5.5970523e-01	   4.6875664e-01	   4.2936226e-01	   4.2366528e-01	   4.6904516e-01	   4.6113837e-01	   4.7171590e-01	   4.3162660e-01	   5.4128401e-01	   4.4369851e-01	   5.7138005e-01	   4.3186759e-01	   5.3453565e-01	   4.9596887e-01	   4.6521947e-01	   4.3791859e-01	   5.5137372e-01	   6.1384019e-01	   4.5663402e-01	   4.7105650e-01	   5.9535588e-01	   4.9173015e-01	   4.7863622e-01	   4.7741478e-01	   4.5575995e-01	   4.8876630e-01	   5.1872698e-01	   5.2937978e-01	   4.3964802e-01	   4.4165175e-01	   4.3411049e-01	   6.1410315e-01	   4.7428276e-01	   3.9982058e-01	   4.2936226e-01	   4.2862516e-01	   4.2657387e-01	   4.4872519e-01	   5.4072451e-01	   5.8253400e-01	   4.3048545e-01	   4.4081984e-01	   4.2642805e-01	   2.1505192e-01	   4.2720193e-01	   5.3520861e-01	   5.4296442e-01	   4.2231927e-01	   5.6138744e-01	   5.1550122e-01	   5.3553080e-01	   4.3344316e-01	   4.3791859e-01	   5.3677134e-01	   4.2231927e-01	   4.5787599e-01	   2.5017574e-01	   5.2084305e-01	   8.8565885e-01	   7.0618684e-01	   4.6373996e-01	   5.3992790e-01	   4.9436388e-01	   4.2947055e-01	   4.5756454e-01	   3.8855506e-01	   4.3787180e-01	   4.2502891e-01	   4.6889767e-01	   5.2937978e-01	   4.4736947e-01	   3.3830284e-01	   5.5213302e-01	   4.2262162e-01	   3.0839731e-01	   4.2231927e-01	
   5.2924305e-01	   2.7289806e-01	   4.3517067e-01	   5.0685633e-01	   4.7062318e-01	   0.0000000e+00	   2.2641865e-01	   4.3267742e-01	   3.3301983e-01	   4.1067643e-01	   3.0918932e-01	   3.8279476e-01	   3.7084651e-01	   3.4435513e-01	   3.5117376e-01	   4.3614632e-01	   6.1508888e-01	   5.3695540e-01	   4.4383080e-01	   3.0036138e-01	   4.2943536e-01	   3.2055131e-01	   2.4706330e-01	   4.1898077e-01	   4.7208420e-01	   3.4774480e-01	   2.5686606e-01	   2.0244136e-01	   3.4462299e-01	   2.9154925e-01	   2.2190607e-01	   2.3490474e-01	   4.2678605e-01	   2.4989212e-01	   4.5746735e-01	   2.3942541e-01	   4.4699447e-01	   4.0366958e-01	   3.0748702e-01	   1.9556262e-01	   4.1612457e-01	   5.0219665e-01	   2.9366389e-01	   3.2199555e-01	   5.1379038e-01	   3.3758000e-01	   3.1723341e-01	   3.1698962e-01	   2.9716235e-01	   3.3864544e-01	   4.1749194e-01	   5.0793462e-01	   2.4478954e-01	   3.2699461e-01	   2.3530217e-01	   5.4023463e-01	   3.3800159e-01	   3.2538905e-01	   2.5686606e-01	   2.2739593e-01	   2.1850155e-01	   2.7366484e-01	   3.9666607e-01	   5.1626064e-01	   3.4425299e-01	   2.5230136e-01	   2.4092833e-01	   5.0527126e-01	   2.2773374e-01	   4.2706891e-01	   4.2609395e-01	   2.1191049e-01	   4.3219587e-01	   4.3052731e-01	   6.0057083e-01	   3.5713733e-01	   1.9556262e-01	   4.6611696e-01	   2.1191049e-01	   1.0370998e-01	   5.2924305e-01	   3.7886027e-01	   8.4063017e-01	   6.4614336e-01	   3.8163364e-01	   5.0417258e-01	   3.5856390e-01	   2.3840601e-01	   3.9281023e-01	   3.2662332e-01	   2.2641865e-01	   2.1965504e-01	   2.6975690e-01	   5.0793462e-01	   2.6353156e-01	   4.6287303e-01	   4.7607880e-01	   2.4713093e-01	   4.1898077e-01	   2.1191049e-01	
   5.0043365e-01	   1.7381159e-01	   4.0355076e-01	   4.7710421e-01	   4.3787180e-01	   2.2641865e-01	   0.0000000e+00	   3.9926265e-01	   2.8370818e-01	   3.7538227e-01	   2.4605842e-01	   3.4231336e-01	   3.4252428e-01	   2.8337557e-01	   3.0723030e-01	   4.0103631e-01	   5.8867912e-01	   5.2325614e-01	   4.0944710e-01	   2.4646027e-01	   3.9196437e-01	   2.7880864e-01	   1.8761215e-01	   3.8547273e-01	   4.3600103e-01	   3.0068923e-01	   1.9435586e-01	   1.2620452e-01	   2.8308876e-01	   2.3584193e-01	   2.4203859e-01	   1.5647402e-01	   4.2887428e-01	   1.4195342e-01	   4.2564593e-01	   1.3432894e-01	   4.1428679e-01	   3.7018722e-01	   2.3752177e-01	   1.4361943e-01	   4.9125118e-01	   4.7353089e-01	   2.4051059e-01	   2.5787109e-01	   4.8518243e-01	   2.8834972e-01	   2.7020472e-01	   2.7281764e-01	   2.4219044e-01	   2.9036206e-01	   3.7644264e-01	   5.0275914e-01	   1.2562517e-01	   2.7547066e-01	   1.2364776e-01	   5.2765996e-01	   2.9209601e-01	   2.7886597e-01	   1.9435586e-01	   1.2072806e-01	   1.0145478e-01	   1.9639753e-01	   3.7156173e-01	   4.8491849e-01	   2.9955234e-01	   1.8998587e-01	   1.7345925e-01	   4.7476722e-01	   1.5055300e-01	   3.9323395e-01	   4.1739726e-01	   1.2768579e-01	   3.9846733e-01	   4.6278386e-01	   5.9347664e-01	   3.2203752e-01	   1.4361943e-01	   4.3568329e-01	   1.2768579e-01	   1.9678412e-01	   5.0043365e-01	   3.4188476e-01	   8.2509389e-01	   6.2332714e-01	   3.7337746e-01	   4.7510257e-01	   3.1795086e-01	   1.6433574e-01	   3.5698675e-01	   2.8165914e-01	   0.0000000e+00	   1.4095591e-01	   2.5140992e-01	   5.0275914e-01	   1.8268794e-01	   4.3110140e-01	   4.4479988e-01	   1.6918599e-01	   3.8547273e-01	   1.2768579e-01	
   6.0651479e-01	   4.2070342e-01	   5.3141542e-01	   5.1643232e-01	   5.4971267e-01	   4.3267742e-01	   3.9926265e-01	   0.0000000e+00	   3.8701076e-01	   4.9547346e-01	   4.2408627e-01	   4.8386670e-01	   4.7691746e-01	   4.4998221e-01	   4.2336024e-01	   3.1818752e-01	   6.3492016e-01	   6.1507329e-01	   5.2598591e-01	   3.5149059e-01	   5.2940997e-01	   4.2595069e-01	   3.9444419e-01	   5.0951141e-01	   5.4075031e-01	   4.4925436e-01	   4.0418799e-01	   3.8089498e-01	   4.4869474e-01	   3.6991980e-01	   4.4108513e-01	   3.9407082e-01	   5.2973404e-01	   4.0491430e-01	   5.3433525e-01	   3.9054521e-01	   4.7151130e-01	   4.6366694e-01	   4.2624501e-01	   3.9734323e-01	   6.0258954e-01	   5.9050521e-01	   4.2710463e-01	   4.3027409e-01	   5.9077905e-01	   4.2422400e-01	   4.3886131e-01	   4.4741819e-01	   3.7498333e-01	   4.5256862e-01	   4.9675494e-01	   6.0644459e-01	   4.0107797e-01	   4.3582668e-01	   3.9540530e-01	   6.2729035e-01	   4.3469857e-01	   4.3167238e-01	   4.0418799e-01	   3.8336566e-01	   3.8604531e-01	   4.0221476e-01	   4.5694197e-01	   5.8945397e-01	   4.4255599e-01	   4.0022200e-01	   3.7537530e-01	   5.8049061e-01	   3.7872332e-01	   5.1228265e-01	   5.3841131e-01	   3.7995147e-01	   5.2006461e-01	   5.7926644e-01	   6.8844899e-01	   4.6874951e-01	   3.9734323e-01	   5.3660644e-01	   3.7995147e-01	   4.1917773e-01	   6.0651479e-01	   4.7146816e-01	   8.8950713e-01	   5.8407161e-01	   5.1091754e-01	   5.8413306e-01	   4.2001514e-01	   3.7740762e-01	   4.6926694e-01	   4.4425526e-01	   3.9926265e-01	   3.8366917e-01	   4.0011269e-01	   6.0644459e-01	   3.9471157e-01	   5.5354954e-01	   5.5157346e-01	   3.9829261e-01	   5.0951141e-01	   3.7995147e-01	
   5.4114708e-01	   3.1455843e-01	   4.4569186e-01	   4.8551448e-01	   4.8198723e-01	   3.3301983e-01	   2.8370818e-01	   3.8701076e-01	   0.0000000e+00	   4.0875408e-01	   3.4274313e-01	   3.8552211e-01	   3.9996448e-01	   3.7247656e-01	   3.5985884e-01	   3.7300092e-01	   5.9053794e-01	   5.6521268e-01	   4.6019455e-01	   1.8713286e-01	   4.4676912e-01	   3.1548931e-01	   2.8862827e-01	   4.3917180e-01	   4.3982449e-01	   3.6669433e-01	   2.8785238e-01	   2.5761569e-01	   3.6815728e-01	   2.5800968e-01	   3.0485618e-01	   2.7727049e-01	   4.7049317e-01	   2.9092155e-01	   4.3818066e-01	   2.7948694e-01	   4.0961919e-01	   3.9885736e-01	   3.4078041e-01	   2.8102124e-01	   5.3870920e-01	   5.1223840e-01	   3.1848515e-01	   3.5084960e-01	   5.1640446e-01	   3.0759476e-01	   3.3873597e-01	   3.5251894e-01	   1.2424218e-01	   3.4019101e-01	   4.0127358e-01	   5.4600748e-01	   2.8316319e-01	   3.4390414e-01	   2.7563204e-01	   5.6367364e-01	   3.5458226e-01	   3.4676893e-01	   2.8785238e-01	   2.6589482e-01	   2.6330703e-01	   3.0887286e-01	   4.2079667e-01	   5.0322572e-01	   3.5784138e-01	   2.9025294e-01	   2.7383311e-01	   5.1260479e-01	   2.3102048e-01	   4.2609122e-01	   4.6587434e-01	   2.5779500e-01	   4.3825793e-01	   5.1349841e-01	   6.3272880e-01	   3.8768492e-01	   2.8102124e-01	   4.3093587e-01	   2.5779500e-01	   3.1399478e-01	   5.4114708e-01	   3.7205849e-01	   8.4617266e-01	   6.0572290e-01	   4.3477378e-01	   5.1492188e-01	   3.6025396e-01	   2.2047979e-01	   3.9916983e-01	   3.5362855e-01	   2.8370818e-01	   2.6566136e-01	   3.3110745e-01	   5.4600748e-01	   3.0244132e-01	   4.8037304e-01	   4.5768013e-01	   2.8714678e-01	   4.3917180e-01	   2.5779500e-01	
   5.8007391e-01	   3.9886610e-01	   4.1861470e-01	   5.3478733e-01	   5.2437109e-01	   4.1067643e-01	   3.7538227e-01	   4.9547346e-01	   4.0875408e-01	   0.0000000e+00	   4.1928587e-01	   3.8279856e-01	   4.5603184e-01	   4.4410640e-01	   3.3794957e-01	   4.6894136e-01	   6.4701583e-01	   5.8081771e-01	   4.7151963e-01	   3.8434578e-01	   4.9390334e-01	   3.4890292e-01	   3.7862892e-01	   4.6629494e-01	   5.1412175e-01	   4.3645308e-01	   3.6988287e-01	   3.5771628e-01	   4.3588170e-01	   3.9572087e-01	   4.1272822e-01	   3.7155039e-01	   5.0146548e-01	   3.8250728e-01	   5.1073178e-01	   3.7059172e-01	   5.0585791e-01	   3.4295547e-01	   4.1651725e-01	   3.7327626e-01	   5.6621320e-01	   5.6358417e-01	   4.0228376e-01	   4.2594421e-01	   5.7042629e-01	   4.1850326e-01	   4.0208287e-01	   4.2686640e-01	   3.8789590e-01	   4.1634801e-01	   4.4567555e-01	   5.5873987e-01	   3.7721544e-01	   3.7926702e-01	   3.7144673e-01	   5.8917163e-01	   2.0469214e-01	   3.6846227e-01	   3.6988287e-01	   3.6358255e-01	   3.6165899e-01	   3.9159346e-01	   4.7828087e-01	   5.3031884e-01	   3.8453554e-01	   3.6172288e-01	   3.6237591e-01	   5.5715712e-01	   3.5559432e-01	   3.1646980e-01	   5.0596103e-01	   3.5576019e-01	   5.0088006e-01	   5.4422086e-01	   6.4805936e-01	   3.9605454e-01	   3.7327626e-01	   5.0791259e-01	   3.5576019e-01	   3.9366128e-01	   5.8007391e-01	   4.0138908e-01	   8.5386232e-01	   6.6747985e-01	   4.7752191e-01	   5.5242561e-01	   4.5194880e-01	   3.5652362e-01	   3.0144605e-01	   3.8921235e-01	   3.7538227e-01	   3.5952190e-01	   4.0990219e-01	   5.5873987e-01	   3.8626019e-01	   5.2830895e-01	   5.1202530e-01	   3.7314037e-01	   4.6629494e-01	   3.5576019e-01	
   5.3011768e-01	   2.3830786e-01	   4.4497920e-01	   5.0853592e-01	   4.7053980e-01	   3.0918932e-01	   2.4605842e-01	   4.2408627e-01	   3.4274313e-01	   4.1928587e-01	   0.0000000e+00	   3.8950682e-01	   3.8541316e-01	   1.0147340e-01	   3.5716256e-01	   4.3890767e-01	   6.1828887e-01	   5.4768427e-01	   4.4993441e-01	   3.1094073e-01	   4.2923905e-01	   3.3669941e-01	   2.6733755e-01	   4.2000130e-01	   4.7650960e-01	   3.4062899e-01	   2.7168393e-01	   2.2625364e-01	   3.4706759e-01	   3.0367986e-01	   3.2062655e-01	   2.5377670e-01	   4.6844033e-01	   2.1606044e-01	   4.6662329e-01	   2.1602278e-01	   4.4539669e-01	   4.1170307e-01	   1.2878387e-01	   2.5390551e-01	   5.2382876e-01	   5.0795436e-01	   3.0723361e-01	   9.2895029e-02	   5.2133526e-01	   3.4698886e-01	   3.2911066e-01	   3.3078955e-01	   3.0863518e-01	   3.4969586e-01	   4.2460166e-01	   5.3646750e-01	   2.3884021e-01	   3.3358183e-01	   2.2277402e-01	   5.5638848e-01	   3.4615194e-01	   3.3286751e-01	   2.7168393e-01	   2.2422330e-01	   2.2901463e-01	   1.2389197e-01	   4.0842652e-01	   5.1934824e-01	   3.3823926e-01	   2.6847445e-01	   2.5394843e-01	   5.0592714e-01	   2.4303678e-01	   4.3399231e-01	   4.5525589e-01	   2.2859355e-01	   4.3925021e-01	   4.9835106e-01	   6.1454194e-01	   3.7275033e-01	   2.5390551e-01	   4.7092198e-01	   2.2859355e-01	   2.8999800e-01	   5.3011768e-01	   3.8962433e-01	   8.4282409e-01	   6.4720222e-01	   4.1669759e-01	   5.0544667e-01	   3.6935526e-01	   2.5014204e-01	   3.9974970e-01	   3.3134436e-01	   2.4605842e-01	   2.2023777e-01	   3.1282357e-01	   5.3646750e-01	   1.1475071e-01	   4.6604182e-01	   4.8144635e-01	   2.4970363e-01	   4.2000130e-01	   2.2859355e-01	
   5.4987681e-01	   3.6907424e-01	   4.0945597e-01	   5.2601161e-01	   4.9218239e-01	   3.8279476e-01	   3.4231336e-01	   4.8386670e-01	   3.8552211e-01	   3.8279856e-01	   3.8950682e-01	   0.0000000e+00	   4.2185139e-01	   4.1251656e-01	   3.1929265e-01	   4.8102510e-01	   6.0175795e-01	   5.6626915e-01	   4.5841425e-01	   3.5977605e-01	   4.7166907e-01	   3.2247988e-01	   3.4749356e-01	   4.4193627e-01	   4.4425755e-01	   4.0147669e-01	   3.3218753e-01	   3.2274474e-01	   3.9313564e-01	   3.6432559e-01	   3.9082343e-01	   3.3653623e-01	   4.5037215e-01	   3.4981136e-01	   4.8607146e-01	   3.3600037e-01	   4.6320600e-01	   3.8251488e-01	   3.8467080e-01	   3.4198506e-01	   5.4152316e-01	   5.4243317e-01	   3.5854647e-01	   3.9298111e-01	   5.2663752e-01	   3.7493954e-01	   3.7604250e-01	   3.9688655e-01	   3.6319585e-01	   3.8392777e-01	   3.5796846e-01	   5.5007736e-01	   3.4396456e-01	   2.6010313e-01	   3.3800159e-01	   5.7761717e-01	   3.0379325e-01	   3.4506630e-01	   3.3218753e-01	   3.2827464e-01	   3.2808956e-01	   3.6013939e-01	   4.5817454e-01	   4.3517101e-01	   3.5527910e-01	   3.4052531e-01	   3.3304209e-01	   5.2705153e-01	   3.1734242e-01	   3.1541238e-01	   4.8984674e-01	   3.2174182e-01	   4.7626069e-01	   5.1509231e-01	   6.4153835e-01	   3.8950347e-01	   3.4198506e-01	   4.4186228e-01	   3.2174182e-01	   3.6088791e-01	   5.4987681e-01	   3.8855954e-01	   7.8665451e-01	   6.3680626e-01	   4.4438804e-01	   5.3479901e-01	   4.2557184e-01	   3.1445401e-01	   3.5680638e-01	   3.6261283e-01	   3.4231336e-01	   3.2462761e-01	   3.8454007e-01	   5.5007736e-01	   3.5489605e-01	   4.9919219e-01	   4.6340737e-01	   3.3683231e-01	   4.4193627e-01	   3.2174182e-01	
   5.2940503e-01	   3.6970722e-01	   4.5260265e-01	   5.4892805e-01	   4.7629699e-01	   3.7084651e-01	   3.4252428e-01	   4.7691746e-01	   3.9996448e-01	   4.5603184e-01	   3.8541316e-01	   4.2185139e-01	   0.0000000e+00	   4.1311885e-01	   3.9214896e-01	   4.9057419e-01	   6.1787085e-01	   5.5416822e-01	   4.3688836e-01	   3.7432978e-01	   4.4133873e-01	   3.6990369e-01	   3.4349825e-01	   4.3190292e-01	   5.0017893e-01	   3.8410449e-01	   3.2610148e-01	   3.1989421e-01	   3.9386721e-01	   3.7082457e-01	   3.8243699e-01	   3.3122680e-01	   4.4948040e-01	   3.5015225e-01	   4.9123609e-01	   3.3223433e-01	   4.4603375e-01	   4.4319254e-01	   3.8488720e-01	   3.3735565e-01	   5.0464851e-01	   5.2681684e-01	   3.5588475e-01	   3.9156340e-01	   5.2111278e-01	   4.0754854e-01	   3.6495963e-01	   3.8532718e-01	   3.7009025e-01	   3.9927393e-01	   4.5651053e-01	   5.2034145e-01	   3.4364629e-01	   3.7864043e-01	   3.3727983e-01	   5.1067942e-01	   3.9240790e-01	   3.7864120e-01	   3.2610148e-01	   3.2922368e-01	   3.2430246e-01	   3.5845243e-01	   4.7033902e-01	   5.3649323e-01	   3.8153082e-01	   3.3899370e-01	   3.2598114e-01	   5.1149629e-01	   3.2833484e-01	   4.6220416e-01	   4.0520453e-01	   3.1877385e-01	   4.6043005e-01	   4.8540163e-01	   6.2629946e-01	   3.7369180e-01	   3.3735565e-01	   4.7630859e-01	   3.1877385e-01	   3.5779386e-01	   5.2940503e-01	   4.1804119e-01	   8.5747626e-01	   6.5110759e-01	   4.1578919e-01	   4.4976514e-01	   4.2449795e-01	   3.3404545e-01	   4.3196045e-01	   3.8307216e-01	   3.4252428e-01	   3.2238388e-01	   3.8443311e-01	   5.2034145e-01	   3.5468511e-01	   4.7394346e-01	   4.6425797e-01	   3.2496406e-01	   4.3190292e-01	   3.1877385e-01	
   5.4538008e-01	   2.7574642e-01	   4.6916938e-01	   5.2627399e-01	   4.8959333e-01	   3.4435513e-01	   2.8337557e-01	   4.4998221e-01	   3.7247656e-01	   4.4410640e-01	   1.0147340e-01	   4.1251656e-01	   4.1311885e-01	   0.0000000e+00	   3.8234997e-01	   4.6010360e-01	   6.2848341e-01	   5.6437108e-01	   4.7558223e-01	   3.4292369e-01	   4.5021047e-01	   3.6848238e-01	   3.0730077e-01	   4.4206449e-01	   4.8942382e-01	   3.7130704e-01	   3.1046460e-01	   2.7244026e-01	   3.7544614e-01	   3.3635568e-01	   3.5477647e-01	   2.9491367e-01	   4.9199960e-01	   2.4956916e-01	   4.8833174e-01	   2.5943016e-01	   4.6943970e-01	   4.3284128e-01	   1.2833286e-01	   2.9592944e-01	   5.4353579e-01	   5.2766492e-01	   3.4260530e-01	   7.9284988e-02	   5.4147996e-01	   3.7679221e-01	   3.6148979e-01	   3.6258077e-01	   3.4156625e-01	   3.7931031e-01	   4.4196685e-01	   5.5652297e-01	   2.8025333e-01	   3.5935817e-01	   2.6574941e-01	   5.7470257e-01	   3.7659856e-01	   3.5839364e-01	   3.1046460e-01	   2.6845064e-01	   2.7303541e-01	   1.6062592e-01	   4.4001541e-01	   5.3452559e-01	   3.6353858e-01	   3.0830447e-01	   2.9610665e-01	   5.2262034e-01	   2.8606885e-01	   4.5594516e-01	   4.7926822e-01	   2.7436328e-01	   4.6232833e-01	   5.1929116e-01	   6.2823735e-01	   4.0310436e-01	   2.9592944e-01	   4.8848199e-01	   2.7436328e-01	   3.2712257e-01	   5.4538008e-01	   4.1684473e-01	   8.5507643e-01	   6.6218878e-01	   4.4185570e-01	   5.2322837e-01	   3.9819153e-01	   2.8839255e-01	   4.2268454e-01	   3.5946369e-01	   2.8337557e-01	   2.6426778e-01	   3.4869044e-01	   5.5652297e-01	   1.6589526e-01	   4.8512163e-01	   5.0423829e-01	   2.8286024e-01	   4.4206449e-01	   2.7436328e-01	
   5.0732888e-01	   3.3701389e-01	   3.9312345e-01	   5.0530203e-01	   4.5470942e-01	   3.5117376e-01	   3.0723030e-01	   4.2336024e-01	   3.5985884e-01	   3.3794957e-01	   3.5716256e-01	   3.1929265e-01	   3.9214896e-01	   3.8234997e-01	   0.0000000e+00	   4.3605602e-01	   5.9822719e-01	   5.2501751e-01	   4.3320640e-01	   3.1921982e-01	   4.2249197e-01	   3.2089520e-01	   3.0575909e-01	   4.0765086e-01	   4.4798135e-01	   3.7778477e-01	   2.9846663e-01	   2.8422095e-01	   3.7741340e-01	   3.3419811e-01	   3.5186289e-01	   2.9842962e-01	   4.4010820e-01	   3.1550497e-01	   4.4507520e-01	   2.9978995e-01	   4.3779613e-01	   2.9562286e-01	   3.5246823e-01	   3.0460010e-01	   5.2772385e-01	   5.1066405e-01	   3.3455273e-01	   3.6002195e-01	   5.1703469e-01	   3.6764419e-01	   3.2331291e-01	   3.6979132e-01	   3.3038998e-01	   3.4744003e-01	   3.8823516e-01	   5.2538439e-01	   3.0889120e-01	   2.4195993e-01	   3.0187334e-01	   5.5444008e-01	   2.8285613e-01	   2.5565026e-01	   2.9846663e-01	   2.9307593e-01	   2.8942066e-01	   3.2619772e-01	   4.2922178e-01	   4.5019755e-01	   3.1179806e-01	   2.8341608e-01	   2.9230140e-01	   4.8559379e-01	   2.8632678e-01	   3.3850166e-01	   4.6720715e-01	   2.8127605e-01	   4.3106028e-01	   5.0247378e-01	   6.0855795e-01	   3.6240879e-01	   3.0460010e-01	   4.3801813e-01	   2.8127605e-01	   3.3364020e-01	   5.0732888e-01	   3.8498951e-01	   8.3427178e-01	   6.1031624e-01	   4.2597559e-01	   5.0648779e-01	   3.9371185e-01	   2.8578678e-01	   2.6811318e-01	   3.0812861e-01	   3.0723030e-01	   2.8793214e-01	   3.4613473e-01	   5.2538439e-01	   3.2125728e-01	   4.5838224e-01	   4.5419492e-01	   3.0311229e-01	   4.0765086e-01	   2.8127605e-01	
   6.0989751e-01	   4.2325726e-01	   5.2610801e-01	   4.4598781e-01	   5.5780149e-01	   4.3614632e-01	   4.0103631e-01	   3.1818752e-01	   3.7300092e-01	   4.6894136e-01	   4.3890767e-01	   4.8102510e-01	   4.9057419e-01	   4.6010360e-01	   4.3605602e-01	   0.0000000e+00	   6.5223593e-01	   6.2206462e-01	   5.3073409e-01	   3.1829848e-01	   5.2338582e-01	   4.1411663e-01	   3.9414935e-01	   5.0592053e-01	   5.4488372e-01	   4.5517290e-01	   4.0423760e-01	   3.8351384e-01	   4.5825129e-01	   3.4611080e-01	   4.4231688e-01	   3.9247307e-01	   5.3865606e-01	   4.0682408e-01	   5.2838761e-01	   3.9638058e-01	   4.9948990e-01	   4.5305898e-01	   4.3047195e-01	   3.9872617e-01	   5.9955009e-01	   5.9015813e-01	   4.2433018e-01	   4.4065234e-01	   5.9429048e-01	   4.1702631e-01	   4.3555886e-01	   4.4857555e-01	   3.6321385e-01	   4.4619825e-01	   5.0089341e-01	   6.0612677e-01	   4.0182003e-01	   4.3404119e-01	   3.9617780e-01	   6.1132899e-01	   4.4484300e-01	   4.2095619e-01	   4.0423760e-01	   3.8937212e-01	   3.8710237e-01	   4.1093431e-01	   4.6740275e-01	   5.9453715e-01	   4.4169814e-01	   3.9827327e-01	   3.8350665e-01	   5.8233265e-01	   3.7300287e-01	   5.0456269e-01	   5.2919912e-01	   3.8190389e-01	   5.2519185e-01	   5.7650437e-01	   6.8643743e-01	   4.6835749e-01	   3.9872617e-01	   5.2578972e-01	   3.8190389e-01	   4.2186689e-01	   6.0989751e-01	   4.4887348e-01	   8.9270502e-01	   6.5021603e-01	   5.0659135e-01	   5.8291230e-01	   4.3970354e-01	   3.6791643e-01	   4.5813743e-01	   4.4457766e-01	   4.0103631e-01	   3.8697509e-01	   4.0958442e-01	   6.0612677e-01	   4.0854534e-01	   5.5620667e-01	   5.4475783e-01	   3.9813204e-01	   5.0592053e-01	   3.8190389e-01	
   7.3436229e-01	   6.0428247e-01	   6.6139873e-01	   6.8938406e-01	   6.8504708e-01	   6.1508888e-01	   5.8867912e-01	   6.3492016e-01	   5.9053794e-01	   6.4701583e-01	   6.1828887e-01	   6.0175795e-01	   6.1787085e-01	   6.2848341e-01	   5.9822719e-01	   6.5223593e-01	   0.0000000e+00	   7.4730738e-01	   6.6307257e-01	   5.8178040e-01	   6.7326350e-01	   5.8861913e-01	   5.9157522e-01	   6.5778096e-01	   5.6581038e-01	   6.1351507e-01	   5.8576944e-01	   5.7955962e-01	   5.8681738e-01	   5.8718228e-01	   6.1944156e-01	   5.8888594e-01	   6.6540839e-01	   5.9328415e-01	   6.4569971e-01	   5.8783774e-01	   6.1242669e-01	   6.2851393e-01	   6.1604166e-01	   5.8955011e-01	   7.3630331e-01	   7.1585269e-01	   6.0568787e-01	   6.1970120e-01	   6.6931827e-01	   5.8501033e-01	   5.8452972e-01	   6.1671074e-01	   5.8716842e-01	   6.0320224e-01	   6.0865489e-01	   7.3163298e-01	   5.9132904e-01	   5.5061337e-01	   5.8773019e-01	   7.4674442e-01	   6.0670811e-01	   5.9182131e-01	   5.8576944e-01	   5.8418257e-01	   5.8214372e-01	   5.9960292e-01	   6.5591264e-01	   5.9351998e-01	   5.8431663e-01	   5.8789978e-01	   5.8282030e-01	   7.1185954e-01	   5.6998362e-01	   6.4437797e-01	   6.8183388e-01	   5.7813821e-01	   6.6904139e-01	   7.1832479e-01	   8.0666785e-01	   6.2556978e-01	   5.8955011e-01	   6.0949948e-01	   5.7813821e-01	   6.0479423e-01	   7.3436229e-01	   5.8467439e-01	   9.5677061e-01	   7.2829531e-01	   6.6553570e-01	   7.1777048e-01	   6.2960959e-01	   5.6257329e-01	   6.2437837e-01	   6.0166883e-01	   5.8867912e-01	   5.8112361e-01	   6.1003879e-01	   7.3163298e-01	   5.9742066e-01	   6.9567386e-01	   6.2906142e-01	   5.8013328e-01	   6.5778096e-01	   5.7813821e-01	
   4.9015902e-01	   5.3890932e-01	   6.1397204e-01	   6.7740480e-01	   4.2587699e-01	   5.3695540e-01	   5.2325614e-01	   6.1507329e-01	   5.6521268e-01	   5.8081771e-01	   5.4768427e-01	   5.6626915e-01	   5.5416822e-01	   5.6437108e-01	   5.2501751e-01	   6.2206462e-01	   7.4730738e-01	   0.0000000e+00	   5.4292294e-01	   5.4544429e-01	   5.2191277e-01	   5.3936914e-01	   5.2597210e-01	   3.1639770e-01	   6.2409739e-01	   5.4790259e-01	   5.2812353e-01	   5.1034553e-01	   5.5049169e-01	   5.3870947e-01	   5.5134974e-01	   5.1705746e-01	   6.0675074e-01	   5.2572256e-01	   6.3792412e-01	   5.1710130e-01	   6.0807135e-01	   5.2764647e-01	   5.4477437e-01	   5.2320087e-01	   5.9640549e-01	   6.6364827e-01	   5.4575245e-01	   5.4925225e-01	   6.5324220e-01	   5.6736514e-01	   5.4320364e-01	   5.5533546e-01	   5.4615969e-01	   5.6883213e-01	   6.0686114e-01	   5.2333001e-01	   5.2457723e-01	   5.2415766e-01	   5.1952673e-01	   6.7761864e-01	   5.4357268e-01	   4.5507519e-01	   5.2812353e-01	   5.1307488e-01	   5.1441789e-01	   5.2700879e-01	   6.1131402e-01	   6.3913053e-01	   4.9311597e-01	   5.1317825e-01	   5.1351766e-01	   4.6840217e-01	   5.1439613e-01	   6.0431902e-01	   6.1479845e-01	   5.1017750e-01	   6.1029481e-01	   5.4526496e-01	   2.9592747e-01	   5.0149996e-01	   5.2320087e-01	   6.0878715e-01	   5.1017750e-01	   5.3743204e-01	   4.9015902e-01	   5.8513998e-01	   9.3711716e-01	   7.6145988e-01	   5.2086035e-01	   5.9262957e-01	   5.7126992e-01	   5.1631496e-01	   5.2719185e-01	   4.5955530e-01	   5.2325614e-01	   5.1085951e-01	   5.4813833e-01	   5.2333001e-01	   5.2710695e-01	   5.1311340e-01	   6.1654578e-01	   5.1326574e-01	   3.1639770e-01	   5.1017750e-01	
   5.4208158e-01	   4.3263443e-01	   5.1664022e-01	   5.6645158e-01	   4.8429327e-01	   4.4383080e-01	   4.0944710e-01	   5.2598591e-01	   4.6019455e-01	   4.7151963e-01	   4.4993441e-01	   4.5841425e-01	   4.3688836e-01	   4.7558223e-01	   4.3320640e-01	   5.3073409e-01	   6.6307257e-01	   5.4292294e-01	   0.0000000e+00	   4.3997710e-01	   4.9234180e-01	   4.2248509e-01	   4.0230615e-01	   4.2079460e-01	   5.3614804e-01	   4.3767164e-01	   4.0657289e-01	   3.9307021e-01	   4.4491780e-01	   4.2459345e-01	   4.4423171e-01	   3.8801763e-01	   4.1842373e-01	   4.1674152e-01	   5.5084135e-01	   4.0412650e-01	   5.0387792e-01	   4.7672973e-01	   4.4928929e-01	   4.0799899e-01	   5.0916105e-01	   5.9755711e-01	   4.2654730e-01	   4.5791090e-01	   5.2781829e-01	   4.5286072e-01	   4.5409317e-01	   4.5019594e-01	   4.3759095e-01	   4.6657533e-01	   4.9978539e-01	   4.0835821e-01	   4.1123513e-01	   4.0938924e-01	   4.0592437e-01	   5.9325990e-01	   4.2097621e-01	   4.0733740e-01	   4.0657289e-01	   3.9752312e-01	   3.9651511e-01	   4.2446645e-01	   5.0266317e-01	   5.6769699e-01	   4.2400951e-01	   4.1274406e-01	   3.9519209e-01	   5.1877180e-01	   3.9580165e-01	   4.8729536e-01	   5.0675053e-01	   3.9120176e-01	   5.4089433e-01	   4.8418254e-01	   6.3149774e-01	   2.4556183e-01	   4.0799899e-01	   4.9322823e-01	   3.9120176e-01	   4.2941438e-01	   5.4208158e-01	   4.7275384e-01	   8.1918020e-01	   6.8655957e-01	   4.2718968e-01	   5.0822063e-01	   4.7439917e-01	   3.9678035e-01	   4.6329227e-01	   4.1086004e-01	   4.0944710e-01	   3.9477525e-01	   4.3705331e-01	   4.0835821e-01	   4.1968079e-01	   5.0844847e-01	   4.7064232e-01	   3.9985511e-01	   4.2079460e-01	   3.9120176e-01	
   5.2416737e-01	   2.8276416e-01	   4.1738298e-01	   4.5927884e-01	   4.6136867e-01	   3.0036138e-01	   2.4646027e-01	   3.5149059e-01	   1.8713286e-01	   3.8434578e-01	   3.1094073e-01	   3.5977605e-01	   3.7432978e-01	   3.4292369e-01	   3.1921982e-01	   3.1829848e-01	   5.8178040e-01	   5.4544429e-01	   4.3997710e-01	   0.0000000e+00	   4.2439455e-01	   2.8685817e-01	   2.5070724e-01	   4.1551230e-01	   4.4047060e-01	   3.3919040e-01	   2.5206856e-01	   2.1609945e-01	   3.4256458e-01	   2.0442716e-01	   3.0699040e-01	   2.3758844e-01	   4.4979422e-01	   2.5593260e-01	   4.2084847e-01	   2.4042055e-01	   4.1183224e-01	   3.4840985e-01	   3.0713379e-01	   2.4187944e-01	   5.2110107e-01	   4.9363523e-01	   2.8835325e-01	   3.1837974e-01	   5.0144896e-01	   2.8882456e-01	   3.1024641e-01	   3.2074346e-01	   1.7599173e-01	   2.8734408e-01	   3.8377331e-01	   5.2711522e-01	   2.4719326e-01	   3.0719577e-01	   2.3811203e-01	   5.4226732e-01	   3.2322300e-01	   3.1175611e-01	   2.5206856e-01	   2.2717919e-01	   2.2208805e-01	   2.7165077e-01	   3.8150377e-01	   4.9841987e-01	   3.2966566e-01	   2.5261737e-01	   2.3499937e-01	   4.9429009e-01	   1.9394270e-01	   4.0280792e-01	   4.4238554e-01	   2.1389738e-01	   4.2141127e-01	   4.9432625e-01	   6.1479420e-01	   3.6043140e-01	   2.4187944e-01	   4.2106629e-01	   2.1389738e-01	   2.7805291e-01	   5.2416737e-01	   3.4943812e-01	   8.3946130e-01	   5.9997313e-01	   4.1077408e-01	   5.0284411e-01	   3.2910934e-01	   1.8595189e-01	   3.6608790e-01	   3.1935772e-01	   2.4646027e-01	   2.2364316e-01	   2.9800081e-01	   5.2711522e-01	   2.6511763e-01	   4.5843232e-01	   4.4642095e-01	   2.4859253e-01	   4.1551230e-01	   2.1389738e-01	
   3.9681954e-01	   4.1670770e-01	   5.2289054e-01	   5.7647513e-01	   4.0909026e-01	   4.2943536e-01	   3.9196437e-01	   5.2940997e-01	   4.4676912e-01	   4.9390334e-01	   4.2923905e-01	   4.7166907e-01	   4.4133873e-01	   4.5021047e-01	   4.2249197e-01	   5.2338582e-01	   6.7326350e-01	   5.2191277e-01	   4.9234180e-01	   4.2439455e-01	   0.0000000e+00	   4.3828744e-01	   3.9884825e-01	   4.1353020e-01	   5.3899182e-01	   4.1824692e-01	   3.8750871e-01	   3.7524211e-01	   4.1408856e-01	   4.1882363e-01	   4.3418145e-01	   3.8004478e-01	   5.1464185e-01	   3.9710471e-01	   5.1860903e-01	   3.8451059e-01	   5.1092379e-01	   4.7631926e-01	   4.2516188e-01	   3.9042240e-01	   5.4265013e-01	   5.7322830e-01	   4.1466299e-01	   4.3158552e-01	   5.8070486e-01	   4.4736330e-01	   4.3190998e-01	   4.3759028e-01	   4.1989161e-01	   4.4600638e-01	   5.0070683e-01	   5.5838266e-01	   3.9488935e-01	   4.1638814e-01	   3.8809215e-01	   5.8999461e-01	   4.4427848e-01	   3.9276029e-01	   3.8750871e-01	   3.7864964e-01	   3.7830332e-01	   4.0882589e-01	   5.0553607e-01	   5.6423022e-01	   4.2074591e-01	   3.9705750e-01	   3.8376081e-01	   4.2545470e-01	   3.8134071e-01	   5.0913422e-01	   5.0724696e-01	   3.7506935e-01	   5.1170052e-01	   5.0686379e-01	   5.8594282e-01	   4.2402116e-01	   3.9042240e-01	   5.1526747e-01	   3.7506935e-01	   4.1539057e-01	   3.9681954e-01	   4.8053243e-01	   8.8359958e-01	   6.8709189e-01	   4.5753215e-01	   5.4205155e-01	   4.6758304e-01	   3.8565627e-01	   4.5462632e-01	   4.0105623e-01	   3.9196437e-01	   3.7871526e-01	   4.2774550e-01	   5.5838266e-01	   4.0573101e-01	   3.4483755e-01	   5.3721758e-01	   3.7904396e-01	   4.1353020e-01	   3.7506935e-01	
   5.3932954e-01	   3.1027779e-01	   3.4197741e-01	   4.9460280e-01	   4.7823438e-01	   3.2055131e-01	   2.7880864e-01	   4.2595069e-01	   3.1548931e-01	   3.4890292e-01	   3.3669941e-01	   3.2247988e-01	   3.6990369e-01	   3.6848238e-01	   3.2089520e-01	   4.1411663e-01	   5.8861913e-01	   5.3936914e-01	   4.2248509e-01	   2.8685817e-01	   4.3828744e-01	   0.0000000e+00	   2.8082622e-01	   4.0968056e-01	   4.2906703e-01	   3.5936059e-01	   2.7736848e-01	   2.5298755e-01	   3.5640254e-01	   3.0149811e-01	   3.2877669e-01	   2.6301271e-01	   4.4587766e-01	   2.8853159e-01	   4.3465745e-01	   2.7281817e-01	   4.2367866e-01	   3.4869752e-01	   3.3433896e-01	   2.7444271e-01	   5.1912855e-01	   4.8840642e-01	   3.0295404e-01	   3.4646036e-01	   4.8575925e-01	   3.3105785e-01	   2.9405702e-01	   3.4338655e-01	   2.9845494e-01	   3.3068322e-01	   3.8610102e-01	   5.1344945e-01	   2.8035494e-01	   3.0693643e-01	   2.7254799e-01	   5.3312394e-01	   3.0092594e-01	   3.1675115e-01	   2.7736848e-01	   2.6341132e-01	   2.5850428e-01	   3.0200906e-01	   4.0518696e-01	   4.5530537e-01	   3.3244771e-01	   2.5982140e-01	   2.6726796e-01	   5.1468787e-01	   2.3936835e-01	   3.7208739e-01	   4.5198739e-01	   2.4962215e-01	   4.2509249e-01	   4.9429979e-01	   6.1762314e-01	   3.4788643e-01	   2.7444271e-01	   4.2131471e-01	   2.4962215e-01	   2.8774989e-01	   5.3932954e-01	   2.4862877e-01	   8.3394599e-01	   6.1533807e-01	   4.1526007e-01	   4.9620848e-01	   3.7194090e-01	   2.4355761e-01	   3.3610544e-01	   3.2176124e-01	   2.7880864e-01	   2.5698936e-01	   3.2037990e-01	   5.1344945e-01	   2.9468446e-01	   4.7886448e-01	   4.4793074e-01	   2.7909828e-01	   4.0968056e-01	   2.4962215e-01	
   5.0518986e-01	   2.3368661e-01	   3.8523063e-01	   4.6786359e-01	   4.4165109e-01	   2.4706330e-01	   1.8761215e-01	   3.9444419e-01	   2.8862827e-01	   3.7862892e-01	   2.6733755e-01	   3.4749356e-01	   3.4349825e-01	   3.0730077e-01	   3.0575909e-01	   3.9414935e-01	   5.9157522e-01	   5.2597210e-01	   4.0230615e-01	   2.5070724e-01	   3.9884825e-01	   2.8082622e-01	   0.0000000e+00	   3.9151255e-01	   4.4097573e-01	   3.0623019e-01	   1.9542287e-01	   1.4365282e-01	   3.0995118e-01	   2.3905550e-01	   2.4623907e-01	   1.6598371e-01	   4.3082794e-01	   2.0204617e-01	   4.2838642e-01	   1.7840441e-01	   4.1361453e-01	   3.7084886e-01	   2.6484617e-01	   1.6850091e-01	   4.9232291e-01	   4.7048205e-01	   2.4432963e-01	   2.8018539e-01	   4.7771602e-01	   2.9270580e-01	   2.7416883e-01	   2.4878770e-01	   2.4707742e-01	   2.9523034e-01	   3.8066868e-01	   5.0371351e-01	   1.8943052e-01	   2.8125539e-01	   1.7772134e-01	   5.0410109e-01	   2.9502895e-01	   2.8298813e-01	   1.9542287e-01	   1.6319906e-01	   1.5511501e-01	   2.2218813e-01	   3.6963449e-01	   4.8835405e-01	   2.9793107e-01	   1.9755651e-01	   1.7494327e-01	   4.7579546e-01	   1.6097837e-01	   3.8416615e-01	   3.8408368e-01	   1.3868712e-01	   3.9787646e-01	   4.6265667e-01	   5.9599601e-01	   3.2014078e-01	   1.6850091e-01	   4.3687406e-01	   1.3868712e-01	   2.2485688e-01	   5.0518986e-01	   3.4381624e-01	   8.2026158e-01	   6.1923274e-01	   3.7494768e-01	   4.6865557e-01	   2.9820750e-01	   1.7517072e-01	   3.6125294e-01	   2.8638007e-01	   1.8761215e-01	   1.5328014e-01	   2.5410117e-01	   5.0371351e-01	   2.1175888e-01	   4.3615998e-01	   4.4528019e-01	   1.9259456e-01	   3.9151255e-01	   1.3868712e-01	
