   0.0000000e+00	   6.9269656e-04	   3.2552088e-04	   5.9532531e-04	   1.3394452e-04	   8.6654280e-04	   6.2764879e-04	   6.6731787e-04	   5.4097833e-04	   3.0249935e-04	   5.4241003e-04	   2.8844028e-04	   6.4157812e-04	   5.1554299e-04	   2.6806479e-04	   6.1530616e-04	   3.9427952e-04	   1.6108310e-04	   3.8048976e-04	   5.5977603e-04	   1.7328440e-04	   3.8193663e-04	   6.2077768e-04	   2.2197456e-04	   3.6374061e-04	   3.4273339e-04	   4.3099656e-04	   7.0100521e-04	   3.4240343e-04	   4.3852194e-04	   7.1944055e-04	   4.3432514e-04	   3.8020908e-04	   6.7192559e-04	   3.7021181e-04	   6.7296529e-04	   5.5106837e-04	   2.8054538e-04	   5.8719324e-04	   7.6242913e-04	   3.0090358e-04	   3.9389974e-04	   4.3236641e-04	   5.1400185e-04	   8.2713070e-04	   4.6133261e-04	   4.7844771e-04	   8.4693317e-04	   5.4664818e-04	   4.3820201e-04	   3.4547991e-04	   3.4963259e-04	   6.8713820e-04	   2.5975240e-04	   7.3000031e-04	   6.8784610e-04	   3.0339069e-04	   2.4297235e-04	   4.3099656e-04	   6.7932415e-04	   9.9996928e-01	   5.9054352e-04	   6.8880403e-04	   2.8062371e-04	   3.0509353e-04	   4.7523437e-04	   5.1860144e-04	   1.0606156e-04	   5.2478853e-04	   3.1020670e-04	   6.5412268e-04	   8.0425554e-04	   4.1150527e-04	   2.9797806e-04	   1.2166051e-04	   3.1958616e-04	   7.6242913e-04	   4.3042551e-04	   6.7650967e-04	   7.7135869e-04	   0.0000000e+00	   3.9215550e-04	   8.1759054e-04	   5.7127260e-04	   3.2586151e-04	   7.5025176e-04	   5.6155690e-04	   4.9919083e-04	   2.5957101e-04	   2.7385870e-04	   6.2764879e-04	   4.6413951e-04	   7.7696652e-04	   3.4963259e-04	   5.9745754e-04	   8.2480423e-05	   4.9162334e-04	   3.6588369e-04	   2.2197456e-04	   7.0062140e-04	
   6.9269656e-04	   0.0000000e+00	   8.6365010e-04	   3.7463800e-04	   6.7724413e-04	   4.4674341e-04	   1.4233182e-04	   4.0039323e-04	   4.5753050e-04	   8.7916429e-04	   2.3692244e-04	   8.0716270e-04	   3.5627783e-04	   2.9638974e-04	   8.0014447e-04	   4.1393467e-04	   5.2717236e-04	   6.6072153e-04	   4.8605237e-04	   4.6954030e-04	   7.6769055e-04	   9.4038923e-04	   4.1900854e-04	   5.9649503e-04	   5.6012182e-04	   5.0332296e-04	   6.4819328e-04	   4.0305326e-04	   5.2075438e-04	   5.6147488e-04	   3.4857429e-04	   4.7805817e-04	   4.8274658e-04	   8.4523475e-05	   7.2369625e-04	   3.6179027e-04	   3.6162823e-04	   8.3477610e-04	   2.9536391e-04	   3.8327702e-04	   5.2173425e-04	   7.8713892e-04	   6.4481465e-04	   3.1066522e-04	   3.1095818e-04	   5.5476899e-04	   1.0297005e-03	   2.8838585e-04	   4.4381000e-04	   6.2437190e-04	   6.8842254e-04	   5.1043014e-04	   7.8127325e-05	   7.2347494e-04	   9.7054450e-05	   2.9145437e-04	   8.7593934e-04	   7.8467521e-04	   6.4819328e-04	   3.3913553e-04	   9.9997047e-01	   3.0890500e-04	   3.7528000e-04	   6.7136149e-04	   8.9056765e-04	   1.0247487e-03	   1.0207249e-03	   7.0287497e-04	   4.6734179e-04	   8.7086324e-04	   2.7930780e-04	   4.1117705e-04	   7.5205475e-04	   5.3451465e-04	   6.6979447e-04	   5.4107119e-04	   3.8327702e-04	   4.5658248e-04	   3.9552517e-04	   3.7528836e-04	   6.9269656e-04	   9.5469222e-04	   3.0868808e-04	   3.8174202e-04	   4.9968539e-04	   3.2270828e-04	   5.0233843e-04	   4.5968714e-04	   8.1766478e-04	   8.6009812e-04	   1.4233182e-04	   4.2864678e-04	   4.6687573e-04	   5.1043014e-04	   3.1108605e-04	   7.2846748e-04	   4.1733664e-04	   6.5646254e-04	   5.9649503e-04	   2.0503287e-04	
   3.2552088e-04	   8.6365010e-04	   0.0000000e+00	   7.2359067e-04	   3.5138834e-04	   1.0020033e-03	   8.0387285e-04	   7.8827893e-04	   6.3650588e-04	   1.6244826e-04	   7.0798766e-04	   1.6086204e-04	   8.0570394e-04	   6.8071550e-04	   2.0101182e-04	   7.2963175e-04	   4.7511984e-04	   3.5481186e-04	   5.4627087e-04	   6.5099352e-04	   3.4731393e-04	   1.7854385e-04	   7.4042362e-04	   4.1066510e-04	   4.3648614e-04	   4.8320382e-04	   4.8313667e-04	   8.3092567e-04	   4.7353776e-04	   4.8223899e-04	   8.6102366e-04	   5.4950306e-04	   5.2615090e-04	   8.4612458e-04	   3.0607991e-04	   8.1738954e-04	   6.9875460e-04	   2.0019269e-04	   7.4012813e-04	   9.0011688e-04	   5.0587004e-04	   2.9664388e-04	   4.7558881e-04	   6.7956137e-04	   9.9463214e-04	   5.0354541e-04	   3.0186552e-04	   1.0084274e-03	   6.4689540e-04	   4.4617376e-04	   2.9284080e-04	   5.2657046e-04	   8.6187169e-04	   2.4047839e-04	   9.0067831e-04	   8.4931240e-04	   1.6159558e-04	   2.6349682e-04	   4.8313667e-04	   8.2623307e-04	   9.9997810e-01	   7.4293828e-04	   8.1943312e-04	   3.0982859e-04	   2.4884159e-04	   3.0457165e-04	   5.0693443e-04	   3.3325483e-04	   6.1787438e-04	   1.2651871e-04	   8.1796041e-04	   9.4025233e-04	   3.4421431e-04	   5.0104500e-04	   3.5007534e-04	   4.8361085e-04	   9.0011688e-04	   5.5957219e-04	   8.0639212e-04	   9.1038247e-04	   3.2552088e-04	   1.6151136e-04	   9.8451682e-04	   7.0670037e-04	   5.2421783e-04	   9.1382834e-04	   6.3296568e-04	   5.9700541e-04	   2.1467348e-04	   2.5691641e-04	   8.0387285e-04	   6.0203147e-04	   8.9443749e-04	   5.2657046e-04	   7.4977032e-04	   3.1728213e-04	   6.3335249e-04	   4.3851239e-04	   4.1066510e-04	   8.5766095e-04	
   5.9532531e-04	   3.7463800e-04	   7.2359067e-04	   0.0000000e+00	   5.6090046e-04	   4.0224227e-04	   3.9792851e-04	   1.4682014e-04	   1.9959581e-04	   7.5239285e-04	   3.5572218e-04	   6.6577592e-04	   2.8326675e-04	   4.1212793e-04	   6.6723788e-04	   1.2521320e-04	   3.1128449e-04	   5.4550204e-04	   3.4223833e-04	   2.1692870e-04	   6.8281406e-04	   8.3200317e-04	   2.4435545e-04	   4.6912551e-04	   3.6817068e-04	   4.9910277e-04	   5.8420903e-04	   3.2432584e-04	   4.9308161e-04	   3.9371902e-04	   3.0460257e-04	   3.4546477e-04	   3.2307779e-04	   3.7330864e-04	   5.8246867e-04	   3.2497383e-04	   1.8935984e-04	   7.1676024e-04	   3.0181004e-04	   3.2968686e-04	   4.3035986e-04	   6.5607022e-04	   5.7393392e-04	   4.3115195e-04	   4.0301431e-04	   3.7080784e-04	   9.1069167e-04	   4.0347890e-04	   1.9064880e-04	   4.6072647e-04	   5.1826026e-04	   3.7736310e-04	   3.8119603e-04	   5.8013706e-04	   3.7392773e-04	   3.0807039e-04	   7.4189224e-04	   6.6453128e-04	   5.8420903e-04	   3.1758547e-04	   9.9994591e-01	   2.9651683e-04	   1.5447622e-04	   5.1008349e-04	   7.8590137e-04	   9.1043190e-04	   9.8588618e-04	   5.8893030e-04	   2.1071224e-04	   7.3263075e-04	   2.9682376e-04	   3.5890322e-04	   6.1538270e-04	   4.3871522e-04	   5.6671452e-04	   4.0315712e-04	   3.2968686e-04	   2.6961036e-04	   3.1304804e-04	   3.3177862e-04	   5.9532531e-04	   8.2588338e-04	   3.9443610e-04	   1.6081649e-04	   4.0042982e-04	   3.4614575e-04	   3.2941690e-04	   2.1562209e-04	   6.9467457e-04	   7.5467073e-04	   3.9792851e-04	   3.9828868e-04	   2.4832372e-04	   3.7736310e-04	   2.9610003e-04	   6.3947190e-04	   2.3828355e-04	   5.5373607e-04	   4.6912551e-04	   3.3512764e-04	
   1.3394452e-04	   6.7724413e-04	   3.5138834e-04	   5.6090046e-04	   0.0000000e+00	   8.2241009e-04	   6.2243951e-04	   6.2774550e-04	   5.0641388e-04	   3.2636859e-04	   5.3458318e-04	   3.0648656e-04	   6.0333045e-04	   5.2151956e-04	   2.7492290e-04	   5.7803691e-04	   3.6451093e-04	   1.0351464e-04	   3.4286773e-04	   5.2502182e-04	   2.1994251e-04	   4.2976118e-04	   5.8652981e-04	   1.5536798e-04	   3.2997879e-04	   3.6838099e-04	   4.5696284e-04	   6.6032064e-04	   3.5848013e-04	   4.2239938e-04	   6.8371322e-04	   4.1943545e-04	   3.4751276e-04	   6.5624886e-04	   3.8340262e-04	   6.3397022e-04	   5.2216938e-04	   2.9608589e-04	   5.5957406e-04	   7.2260498e-04	   2.6346107e-04	   4.1479093e-04	   4.5566235e-04	   5.2296651e-04	   7.9679412e-04	   4.3809451e-04	   5.2294850e-04	   8.2039688e-04	   5.1371059e-04	   4.2409574e-04	   3.3452435e-04	   3.0230207e-04	   6.7197855e-04	   2.5336809e-04	   7.0779102e-04	   6.5622335e-04	   3.2129437e-04	   2.3232780e-04	   4.5696284e-04	   6.4199235e-04	   9.9996492e-01	   5.6046552e-04	   6.5177120e-04	   2.5610445e-04	   3.3250967e-04	   5.2211927e-04	   5.8672963e-04	   8.8893023e-05	   4.9114837e-04	   3.3115026e-04	   6.2285134e-04	   7.6177818e-04	   4.2382172e-04	   2.5638627e-04	   8.7600267e-05	   2.7905663e-04	   7.2260498e-04	   3.9880864e-04	   6.3760334e-04	   7.3123657e-04	   1.3394452e-04	   4.3231315e-04	   7.8664413e-04	   5.3787394e-04	   2.8625853e-04	   7.1554870e-04	   5.3807238e-04	   4.7016178e-04	   2.6768189e-04	   2.8902027e-04	   6.2243951e-04	   4.5061331e-04	   7.3048905e-04	   3.0230207e-04	   5.6662402e-04	   1.6905314e-04	   4.5891010e-04	   3.7032205e-04	   1.5536798e-04	   6.7261216e-04	
   8.6654280e-04	   4.4674341e-04	   1.0020033e-03	   4.0224227e-04	   8.2241009e-04	   0.0000000e+00	   5.3609249e-04	   3.6643250e-04	   4.8452976e-04	   1.0321675e-03	   5.2494207e-04	   9.5242569e-04	   3.8274143e-04	   6.1915702e-04	   9.5020663e-04	   4.0539907e-04	   6.1970616e-04	   8.0900058e-04	   6.0423184e-04	   4.8008773e-04	   9.4943529e-04	   1.1154161e-03	   3.5531003e-04	   7.2379169e-04	   6.5482152e-04	   7.4661448e-04	   7.9867813e-04	   2.2902017e-04	   7.3557912e-04	   6.5737227e-04	   1.9952763e-04	   5.4480705e-04	   5.9124316e-04	   4.5893518e-04	   8.4625569e-04	   2.9833611e-04	   4.4305708e-04	   1.0008892e-03	   3.9753115e-04	   1.2182385e-04	   6.8320941e-04	   9.0870935e-04	   7.9654319e-04	   6.3953245e-04	   3.4843914e-04	   6.2942885e-04	   1.1733656e-03	   3.5745681e-04	   4.7750614e-04	   7.0747746e-04	   7.9113104e-04	   6.3028794e-04	   4.6119874e-04	   8.6494824e-04	   3.9833335e-04	   3.6511627e-04	   1.0226262e-03	   9.4141594e-04	   7.9867813e-04	   2.8954126e-04	   9.9994300e-01	   3.7717723e-04	   3.4977325e-04	   7.9977160e-04	   1.0654528e-03	   1.1773922e-03	   1.2497282e-03	   8.5019428e-04	   4.9974613e-04	   1.0143250e-03	   3.7551698e-04	   7.6898598e-05	   8.5569276e-04	   6.8865815e-04	   8.3381767e-04	   6.7024279e-04	   1.2182385e-04	   5.4338552e-04	   2.4804539e-04	   1.1032757e-04	   8.6654280e-04	   1.0991023e-03	   3.4407441e-04	   4.3209037e-04	   6.5383461e-04	   3.4740734e-04	   5.3723143e-04	   5.2261616e-04	   9.7554717e-04	   1.0284231e-03	   5.3609249e-04	   5.4965922e-04	   3.1476181e-04	   6.3028794e-04	   3.7151844e-04	   9.1308358e-04	   4.8479969e-04	   7.7244477e-04	   7.2379169e-04	   3.2431616e-04	
   6.2764879e-04	   1.4233182e-04	   8.0387285e-04	   3.9792851e-04	   6.2243951e-04	   5.3609249e-04	   0.0000000e+00	   4.4380057e-04	   4.6787672e-04	   8.1354944e-04	   1.9339586e-04	   7.4759511e-04	   3.8742978e-04	   2.1537926e-04	   7.3970944e-04	   4.4540133e-04	   5.0295477e-04	   6.0410538e-04	   4.5216218e-04	   4.8516009e-04	   6.9808924e-04	   8.6991569e-04	   4.4383123e-04	   5.5071120e-04	   5.3165015e-04	   4.2939816e-04	   5.9754162e-04	   4.6673224e-04	   4.5998531e-04	   5.4013221e-04	   4.0908448e-04	   4.5374729e-04	   4.5326264e-04	   1.3480130e-04	   6.7962759e-04	   4.2035770e-04	   3.6812804e-04	   7.6831606e-04	   3.2639745e-04	   4.5791008e-04	   4.7388243e-04	   7.3986789e-04	   5.9450549e-04	   2.2482303e-04	   3.7278680e-04	   5.4161833e-04	   9.6839614e-04	   3.5273800e-04	   4.5518664e-04	   6.0374491e-04	   6.4978983e-04	   4.7326361e-04	   1.2849690e-04	   6.6902211e-04	   2.0151625e-04	   3.3048905e-04	   8.1237274e-04	   7.2183547e-04	   5.9754162e-04	   3.9863277e-04	   9.9997194e-01	   3.4310270e-04	   4.1890112e-04	   6.2431993e-04	   8.2068005e-04	   9.6092946e-04	   9.3224380e-04	   6.4559815e-04	   4.7422905e-04	   8.0851658e-04	   3.1139878e-04	   4.9334474e-04	   7.1235733e-04	   4.8764751e-04	   6.0887348e-04	   4.9664532e-04	   4.5791008e-04	   4.3973509e-04	   4.5241210e-04	   4.5459533e-04	   6.2764879e-04	   8.9163881e-04	   3.7038139e-04	   3.9265693e-04	   4.5542340e-04	   3.7501775e-04	   5.0193824e-04	   4.5818656e-04	   7.5421015e-04	   7.9234721e-04	   0.0000000e+00	   4.1475308e-04	   5.2795401e-04	   4.7326361e-04	   3.4479458e-04	   6.5898630e-04	   4.1465970e-04	   6.1438866e-04	   5.5071120e-04	   2.9868322e-04	
   6.6731787e-04	   4.0039323e-04	   7.8827893e-04	   1.4682014e-04	   6.2774550e-04	   3.6643250e-04	   4.4380057e-04	   0.0000000e+00	   2.2892418e-04	   8.2057291e-04	   4.1103193e-04	   7.2936202e-04	   3.0268612e-04	   4.7673399e-04	   7.3356445e-04	   9.9776926e-05	   3.7583179e-04	   6.1298506e-04	   4.0835980e-04	   2.3285428e-04	   7.5342153e-04	   9.0063416e-04	   2.5366946e-04	   5.3485916e-04	   4.2630860e-04	   5.6895950e-04	   6.3938024e-04	   3.1866786e-04	   5.5670502e-04	   4.3455401e-04	   3.0134847e-04	   3.9642120e-04	   3.8854926e-04	   4.0437543e-04	   6.3504734e-04	   3.2844006e-04	   2.5334331e-04	   7.8515791e-04	   3.3721980e-04	   3.1064163e-04	   4.9851946e-04	   7.1076437e-04	   6.2715501e-04	   4.9464984e-04	   3.9968683e-04	   4.0852892e-04	   9.7173754e-04	   4.0229431e-04	   2.1993299e-04	   5.0031546e-04	   5.7501793e-04	   4.4469818e-04	   4.1271415e-04	   6.4397820e-04	   3.8981323e-04	   3.2602848e-04	   8.1020413e-04	   7.3164437e-04	   6.3938024e-04	   3.2403850e-04	   9.9993868e-01	   3.2823286e-04	   1.4281632e-04	   5.7245856e-04	   8.5615865e-04	   9.7293879e-04	   1.0569394e-03	   6.5676380e-04	   2.4637731e-04	   7.9871351e-04	   3.2040057e-04	   3.3271106e-04	   6.6623637e-04	   5.0538982e-04	   6.3665221e-04	   4.7133347e-04	   3.1064163e-04	   3.2909585e-04	   3.1168098e-04	   3.1221109e-04	   6.6731787e-04	   8.9032199e-04	   3.9071968e-04	   2.2392742e-04	   4.6839988e-04	   3.4700944e-04	   3.4255623e-04	   2.6182326e-04	   7.6182764e-04	   8.2508842e-04	   4.4380057e-04	   4.4584053e-04	   1.7466805e-04	   4.4469818e-04	   3.2516379e-04	   7.1198111e-04	   2.9235791e-04	   6.0778614e-04	   5.3485916e-04	   3.4564347e-04	
   5.4097833e-04	   4.5753050e-04	   6.3650588e-04	   1.9959581e-04	   5.0641388e-04	   4.8452976e-04	   4.6787672e-04	   2.2892418e-04	   0.0000000e+00	   6.7532666e-04	   4.0372526e-04	   5.8132834e-04	   3.8205719e-04	   4.4995785e-04	   5.9248984e-04	   1.6812814e-04	   2.4370353e-04	   4.9223821e-04	   3.4436631e-04	   6.1057801e-05	   6.2526639e-04	   7.4831995e-04	   2.8030278e-04	   4.2452247e-04	   3.0327682e-04	   4.7500528e-04	   5.0891876e-04	   3.7740470e-04	   4.5762886e-04	   2.6575124e-04	   3.7971051e-04	   3.0731866e-04	   3.1332875e-04	   4.5557506e-04	   4.7161096e-04	   3.8276604e-04	   2.8339604e-04	   6.4521706e-04	   3.5721078e-04	   4.0526480e-04	   4.1712091e-04	   5.5466710e-04	   4.9486562e-04	   4.6499335e-04	   5.2001827e-04	   2.4796942e-04	   8.1462423e-04	   5.2092117e-04	   4.4121541e-05	   3.4295930e-04	   4.1889113e-04	   3.6962897e-04	   4.6666720e-04	   5.0433462e-04	   4.6552649e-04	   4.1787298e-04	   6.6441158e-04	   5.9730336e-04	   5.0891876e-04	   3.8383641e-04	   9.9994161e-01	   3.4990190e-04	   2.8740064e-04	   4.3781969e-04	   7.1480967e-04	   8.1664398e-04	   9.2347365e-04	   5.3251564e-04	   4.4428847e-05	   6.5053033e-04	   3.9975753e-04	   4.3787467e-04	   5.1112887e-04	   4.2269661e-04	   5.1513477e-04	   3.8214210e-04	   4.0526480e-04	   2.6416725e-04	   3.6008524e-04	   4.1125595e-04	   5.4097833e-04	   7.3503396e-04	   5.1053675e-04	   2.5681862e-04	   3.9236628e-04	   4.6041969e-04	   2.4567112e-04	   7.6925814e-05	   6.2290343e-04	   6.8625115e-04	   4.6787672e-04	   3.8929469e-04	   3.3860429e-04	   3.6962897e-04	   3.5173368e-04	   5.8237882e-04	   2.7613465e-04	   4.9785349e-04	   4.2452247e-04	   4.1196029e-04	
   3.0249935e-04	   8.7916429e-04	   1.6244826e-04	   7.5239285e-04	   3.2636859e-04	   1.0321675e-03	   8.1354944e-04	   8.2057291e-04	   6.7532666e-04	   0.0000000e+00	   7.1934307e-04	   1.9517894e-04	   8.2331188e-04	   6.8750975e-04	   1.7892447e-04	   7.6340453e-04	   5.1108177e-04	   3.3279913e-04	   5.5241520e-04	   6.9204504e-04	   3.0840993e-04	   2.0305807e-04	   7.7031729e-04	   4.0013959e-04	   4.6827250e-04	   4.8530245e-04	   5.1383485e-04	   8.5936526e-04	   4.7978461e-04	   5.3042820e-04	   8.8781454e-04	   5.7393574e-04	   5.4281702e-04	   8.5962463e-04	   3.7859530e-04	   8.3877608e-04	   7.2056566e-04	   1.3703441e-04	   7.5924734e-04	   9.2850899e-04	   4.9481909e-04	   3.6754475e-04	   5.0993163e-04	   6.8459592e-04	   1.0155491e-03	   5.5423483e-04	   3.2610873e-04	   1.0325629e-03	   6.8506052e-04	   5.0534011e-04	   3.6281868e-04	   5.2462497e-04	   8.7533932e-04	   2.5153564e-04	   9.1736509e-04	   8.6935365e-04	   7.4394345e-05	   2.1444910e-04	   5.1383485e-04	   8.4705056e-04	   9.9997956e-01	   7.6265972e-04	   8.4662046e-04	   3.2570731e-04	   1.7027456e-04	   3.2339511e-04	   4.6733507e-04	   3.1053717e-04	   6.5725126e-04	   1.1441636e-04	   8.3706486e-04	   9.6958319e-04	   4.1336031e-04	   4.8778270e-04	   3.2304216e-04	   4.8355675e-04	   9.2850899e-04	   5.8618888e-04	   8.3512583e-04	   9.3899700e-04	   3.0249935e-04	   2.0550196e-04	   1.0053673e-03	   7.3230068e-04	   5.1700667e-04	   9.3316395e-04	   6.7698755e-04	   6.3436796e-04	   1.5585896e-04	   1.7397760e-04	   8.1354944e-04	   6.1667053e-04	   9.2596140e-04	   5.2462497e-04	   7.6907717e-04	   2.8548970e-04	   6.5754738e-04	   4.4760005e-04	   4.0013959e-04	   8.7953920e-04	
   5.4241003e-04	   2.3692244e-04	   7.0798766e-04	   3.5572218e-04	   5.3458318e-04	   5.2494207e-04	   1.9339586e-04	   4.1103193e-04	   4.0372526e-04	   7.1934307e-04	   0.0000000e+00	   6.4966419e-04	   3.6372622e-04	   1.3414752e-04	   6.4442823e-04	   3.9996431e-04	   4.1682473e-04	   5.1659555e-04	   3.7125072e-04	   4.2334731e-04	   6.1576186e-04	   7.8118617e-04	   3.7782322e-04	   4.6327731e-04	   4.3908722e-04	   3.5720785e-04	   5.2806105e-04	   4.1769261e-04	   3.7626041e-04	   4.5991932e-04	   3.7958645e-04	   3.6150376e-04	   3.6801714e-04	   2.3262044e-04	   5.8649947e-04	   3.5806823e-04	   3.2375091e-04	   6.7616613e-04	   2.3035074e-04	   4.3248259e-04	   4.0037232e-04	   6.4786541e-04	   5.2445537e-04	   1.4503427e-04	   4.1034130e-04	   4.5859754e-04	   8.7654253e-04	   4.0898468e-04	   3.9589810e-04	   5.1923879e-04	   5.5217453e-04	   3.9186448e-04	   2.4098707e-04	   5.7267609e-04	   2.8189264e-04	   3.2843050e-04	   7.1659084e-04	   6.2959844e-04	   5.2806105e-04	   3.4740432e-04	   9.9996616e-01	   2.4907701e-04	   3.9296334e-04	   5.2757523e-04	   7.3328475e-04	   8.7017913e-04	   8.5025706e-04	   5.5718234e-04	   4.0568812e-04	   7.1108678e-04	   2.9924335e-04	   4.7145780e-04	   6.1957441e-04	   4.1102938e-04	   5.2322861e-04	   4.1180020e-04	   4.3248259e-04	   3.5943939e-04	   4.0056310e-04	   4.3173900e-04	   5.4241003e-04	   7.9638024e-04	   4.0557975e-04	   3.4713006e-04	   3.8432146e-04	   3.8505877e-04	   4.3273178e-04	   3.9024526e-04	   6.6144663e-04	   7.0312658e-04	   1.9339586e-04	   3.2164924e-04	   4.9812881e-04	   3.9186448e-04	   2.5446452e-04	   5.7589639e-04	   3.4788903e-04	   5.2415793e-04	   4.6327731e-04	   3.0230553e-04	
   2.8844028e-04	   8.0716270e-04	   1.6086204e-04	   6.6577592e-04	   3.0648656e-04	   9.5242569e-04	   7.4759511e-04	   7.2936202e-04	   5.8132834e-04	   1.9517894e-04	   6.4966419e-04	   0.0000000e+00	   7.4484329e-04	   6.2438028e-04	   1.3356893e-04	   6.7311147e-04	   4.0706343e-04	   3.0568985e-04	   4.7916468e-04	   5.9743301e-04	   3.3663269e-04	   2.6993237e-04	   6.8716257e-04	   3.5443114e-04	   3.5981191e-04	   4.4023463e-04	   4.7026640e-04	   7.8546577e-04	   4.2949564e-04	   4.3900379e-04	   8.0929937e-04	   5.0215922e-04	   4.6002854e-04	   7.8899558e-04	   2.8803360e-04	   7.6743692e-04	   6.3873168e-04	   1.7986959e-04	   6.8637162e-04	   8.4982981e-04	   4.4747844e-04	   3.1437586e-04	   4.5968942e-04	   6.2120745e-04	   9.3351157e-04	   4.5519353e-04	   3.7770132e-04	   9.5013503e-04	   5.9142370e-04	   4.1692013e-04	   2.3677219e-04	   4.6306038e-04	   8.0574810e-04	   1.4035474e-04	   8.4396830e-04	   7.8883372e-04	   1.8193503e-04	   2.1013527e-04	   4.7026640e-04	   7.7718337e-04	   9.9996358e-01	   6.9052042e-04	   7.6117616e-04	   2.1916548e-04	   2.5621068e-04	   3.7699127e-04	   5.1381245e-04	   2.9620959e-04	   5.6262569e-04	   1.4092033e-04	   7.5646181e-04	   8.9063346e-04	   3.5308795e-04	   4.4464640e-04	   3.0295571e-04	   4.1841113e-04	   8.4982981e-04	   4.9620680e-04	   7.6066862e-04	   8.6019182e-04	   2.8844028e-04	   2.5509714e-04	   9.2274235e-04	   6.4611995e-04	   4.6516888e-04	   8.5187667e-04	   5.8455827e-04	   5.4217843e-04	   1.7859660e-04	   2.5900186e-04	   7.4759511e-04	   5.6064477e-04	   8.3690230e-04	   4.6306038e-04	   6.9665898e-04	   2.8849108e-04	   5.7243662e-04	   4.2091257e-04	   3.5443114e-04	   8.0438956e-04	
   6.4157812e-04	   3.5627783e-04	   8.0570394e-04	   2.8326675e-04	   6.0333045e-04	   3.8274143e-04	   3.8742978e-04	   3.0268612e-04	   3.8205719e-04	   8.2331188e-04	   3.6372622e-04	   7.4484329e-04	   0.0000000e+00	   4.3010929e-04	   7.3381694e-04	   3.2237080e-04	   4.3311859e-04	   5.8856587e-04	   3.5390216e-04	   3.9305122e-04	   7.3095598e-04	   9.1313172e-04	   3.3178177e-04	   5.0715117e-04	   4.5685289e-04	   5.5091641e-04	   6.7257793e-04	   3.3248134e-04	   5.4783777e-04	   5.3084437e-04	   3.1475184e-04	   4.4167536e-04	   3.5035925e-04	   3.5247680e-04	   6.8786892e-04	   3.1724585e-04	   2.0924683e-04	   7.8217029e-04	   3.0818927e-04	   3.2621783e-04	   4.3422633e-04	   7.5507974e-04	   6.6754054e-04	   4.4863238e-04	   2.8772093e-04	   5.0597968e-04	   9.9357721e-04	   3.3947483e-04	   3.7342358e-04	   5.8113927e-04	   6.1919083e-04	   3.8543911e-04	   3.5365366e-04	   6.4972701e-04	   3.4449697e-04	   1.6387232e-04	   8.1459853e-04	   7.1573736e-04	   6.7257793e-04	   3.1198305e-04	   9.9993723e-01	   2.9920488e-04	   2.8551902e-04	   5.8329464e-04	   8.4787060e-04	   9.9380050e-04	   1.0403605e-03	   6.3419800e-04	   3.9195795e-04	   8.0836123e-04	   1.6026887e-04	   3.4708182e-04	   7.1623145e-04	   4.4540838e-04	   6.0616183e-04	   4.2882742e-04	   3.2621783e-04	   3.2043650e-04	   3.3148511e-04	   3.2697732e-04	   6.4157812e-04	   9.0764449e-04	   2.7711458e-04	   2.3920854e-04	   4.0024944e-04	   1.7645651e-04	   4.6811154e-04	   3.9786275e-04	   7.5542757e-04	   8.1349026e-04	   3.8742978e-04	   4.4148812e-04	   3.3557706e-04	   3.8543911e-04	   2.9806235e-04	   6.8660489e-04	   2.5323587e-04	   6.2978625e-04	   5.0715117e-04	   3.3505580e-04	
   5.1554299e-04	   2.9638974e-04	   6.8071550e-04	   4.1212793e-04	   5.2151956e-04	   6.1915702e-04	   2.1537926e-04	   4.7673399e-04	   4.4995785e-04	   6.8750975e-04	   1.3414752e-04	   6.2438028e-04	   4.3010929e-04	   0.0000000e+00	   6.1729818e-04	   4.6000579e-04	   4.3539616e-04	   5.0344771e-04	   3.8970044e-04	   4.7184170e-04	   5.8173689e-04	   7.3941932e-04	   4.4881898e-04	   4.6413274e-04	   4.5524871e-04	   3.2622746e-04	   5.1558359e-04	   5.1168757e-04	   3.6430701e-04	   4.7575604e-04	   4.6620946e-04	   3.9360203e-04	   3.9019966e-04	   2.9086844e-04	   5.7626883e-04	   4.6053334e-04	   3.7274188e-04	   6.4157323e-04	   3.2974399e-04	   5.2496002e-04	   3.9855137e-04	   6.3297560e-04	   5.1179597e-04	   7.1114418e-05	   4.7864673e-04	   4.8407809e-04	   8.4324500e-04	   4.6954475e-04	   4.4222478e-04	   5.3232692e-04	   5.5132281e-04	   4.0645619e-04	   2.9242950e-04	   5.5513487e-04	   3.5441932e-04	   3.9550400e-04	   6.8644024e-04	   6.0140355e-04	   5.1558359e-04	   4.4767720e-04	   9.9997198e-01	   3.5088163e-04	   4.5900816e-04	   5.1823805e-04	   6.9184538e-04	   8.3338451e-04	   7.9470285e-04	   5.4056028e-04	   4.4977405e-04	   6.8207792e-04	   3.6751057e-04	   5.6609180e-04	   6.1295604e-04	   4.1140861e-04	   5.0341653e-04	   4.1801322e-04	   5.2496002e-04	   3.9287543e-04	   4.9145939e-04	   5.2551597e-04	   5.1554299e-04	   7.6378694e-04	   4.7495460e-04	   3.9832284e-04	   3.8649125e-04	   4.5571288e-04	   4.7113136e-04	   4.2754171e-04	   6.3145422e-04	   6.6696489e-04	   2.1537926e-04	   3.7855383e-04	   5.7537820e-04	   4.0645619e-04	   3.5745974e-04	   5.4173233e-04	   3.9285679e-04	   5.3352883e-04	   4.6413274e-04	   3.9373762e-04	
   2.6806479e-04	   8.0014447e-04	   2.0101182e-04	   6.6723788e-04	   2.7492290e-04	   9.5020663e-04	   7.3970944e-04	   7.3356445e-04	   5.9248984e-04	   1.7892447e-04	   6.4442823e-04	   1.3356893e-04	   7.3381694e-04	   6.1729818e-04	   0.0000000e+00	   6.7963375e-04	   4.1970486e-04	   2.7845965e-04	   4.6885995e-04	   6.1075454e-04	   3.0773727e-04	   2.9005410e-04	   6.9325085e-04	   3.2928026e-04	   3.6448508e-04	   4.3704447e-04	   4.9135716e-04	   7.8413883e-04	   4.2865410e-04	   4.7185501e-04	   8.0802193e-04	   5.1187163e-04	   4.5290459e-04	   7.8074794e-04	   3.4826488e-04	   7.6200209e-04	   6.3296237e-04	   1.1715526e-04	   6.8399024e-04	   8.4804834e-04	   4.1800821e-04	   3.6539135e-04	   4.8368227e-04	   6.1602186e-04	   9.2600209e-04	   4.8860166e-04	   4.0961373e-04	   9.4568427e-04	   6.0175151e-04	   4.5492444e-04	   2.9406413e-04	   4.4165166e-04	   7.9672844e-04	   1.2497894e-04	   8.3632558e-04	   7.7967478e-04	   1.5742911e-04	   1.3641436e-04	   4.9135716e-04	   7.7068812e-04	   9.9996792e-01	   6.8664299e-04	   7.6062734e-04	   2.0867083e-04	   2.1263072e-04	   4.0715855e-04	   5.2034422e-04	   2.6739240e-04	   5.7498152e-04	   1.5207262e-04	   7.4706573e-04	   8.8847446e-04	   3.9748376e-04	   4.1256197e-04	   2.7062553e-04	   4.0301691e-04	   8.4804834e-04	   4.9426460e-04	   7.6047734e-04	   8.5830748e-04	   2.6806479e-04	   2.8769547e-04	   9.1541436e-04	   6.4412608e-04	   4.3632306e-04	   8.4155655e-04	   6.0610312e-04	   5.5411018e-04	   9.9134997e-05	   2.1061785e-04	   7.3970944e-04	   5.5924478e-04	   8.3854770e-04	   4.4165166e-04	   6.9266785e-04	   2.6713394e-04	   5.6786392e-04	   4.2119345e-04	   3.2928026e-04	   8.0031319e-04	
   6.1530616e-04	   4.1393467e-04	   7.2963175e-04	   1.2521320e-04	   5.7803691e-04	   4.0539907e-04	   4.4540133e-04	   9.9776926e-05	   1.6812814e-04	   7.6340453e-04	   3.9996431e-04	   6.7311147e-04	   3.2237080e-04	   4.6000579e-04	   6.7963375e-04	   0.0000000e+00	   3.2372505e-04	   5.6365718e-04	   3.7330584e-04	   1.7272784e-04	   7.0095146e-04	   8.4139983e-04	   2.4826470e-04	   4.8805084e-04	   3.7807245e-04	   5.2704528e-04	   5.9209579e-04	   3.2955667e-04	   5.1361279e-04	   3.7388854e-04	   3.2130415e-04	   3.5612210e-04	   3.5092339e-04	   4.1504318e-04	   5.7556008e-04	   3.3866302e-04	   2.4566686e-04	   7.3072971e-04	   3.3287145e-04	   3.3825483e-04	   4.6083323e-04	   6.5342949e-04	   5.7865582e-04	   4.7711583e-04	   4.4134586e-04	   3.5049365e-04	   9.1174608e-04	   4.4182226e-04	   1.5856848e-04	   4.4483701e-04	   5.1643548e-04	   4.0731019e-04	   4.2451015e-04	   5.9148917e-04	   4.1059883e-04	   3.5282404e-04	   7.5324647e-04	   6.8034177e-04	   5.9209579e-04	   3.3613798e-04	   9.9994447e-01	   3.2522172e-04	   1.8062445e-04	   5.2224955e-04	   8.0096027e-04	   9.1297583e-04	   1.0048279e-03	   6.0599950e-04	   1.8296759e-04	   7.4194303e-04	   3.4189871e-04	   3.6572061e-04	   6.0946623e-04	   4.6695867e-04	   5.8742669e-04	   4.3018959e-04	   3.3825483e-04	   2.9209645e-04	   3.1768761e-04	   3.4154649e-04	   6.1530616e-04	   8.3081860e-04	   4.3256970e-04	   2.1297500e-04	   4.3240514e-04	   3.8530603e-04	   2.9725715e-04	   1.9682362e-04	   7.0803348e-04	   7.7055502e-04	   4.4540133e-04	   4.1552203e-04	   2.2933985e-04	   4.0731019e-04	   3.2367332e-04	   6.5984497e-04	   2.7147117e-04	   5.6104785e-04	   4.8805084e-04	   3.6170637e-04	
   3.9427952e-04	   5.2717236e-04	   4.7511984e-04	   3.1128449e-04	   3.6451093e-04	   6.1970616e-04	   5.0295477e-04	   3.7583179e-04	   2.4370353e-04	   5.1108177e-04	   4.1682473e-04	   4.0706343e-04	   4.3311859e-04	   4.3539616e-04	   4.1970486e-04	   3.2372505e-04	   0.0000000e+00	   3.4725667e-04	   2.6759195e-04	   2.6604645e-04	   4.8617079e-04	   5.9119714e-04	   3.7953682e-04	   2.9330862e-04	   1.3142031e-04	   3.8580823e-04	   4.5597921e-04	   4.8144834e-04	   3.6892324e-04	   2.5755520e-04	   4.9437047e-04	   3.0256508e-04	   2.2135603e-04	   5.1547802e-04	   3.6380103e-04	   4.7032203e-04	   3.0957175e-04	   4.7551619e-04	   4.0629908e-04	   5.2763474e-04	   3.1952720e-04	   4.4385717e-04	   4.4154501e-04	   4.4364018e-04	   6.1221454e-04	   2.4485607e-04	   6.7532356e-04	   6.2419586e-04	   2.5245353e-04	   2.9971515e-04	   2.7806472e-04	   2.8132401e-04	   5.2974702e-04	   3.2673717e-04	   5.4957925e-04	   4.7721015e-04	   4.9675911e-04	   4.3240998e-04	   4.5597921e-04	   4.7613867e-04	   9.9994745e-01	   4.0643559e-04	   4.0946551e-04	   2.5615757e-04	   5.5337494e-04	   6.7536695e-04	   7.7963719e-04	   3.8900422e-04	   2.2980031e-04	   4.8066292e-04	   4.5187275e-04	   5.6473126e-04	   4.1989932e-04	   3.2490941e-04	   3.6969975e-04	   2.7065260e-04	   5.2763474e-04	   1.9529688e-04	   4.6108752e-04	   5.3578979e-04	   3.9427952e-04	   5.7967503e-04	   6.0163322e-04	   2.9817469e-04	   3.0611411e-04	   5.3339542e-04	   3.3380084e-04	   2.1430263e-04	   4.5510155e-04	   5.2656251e-04	   5.0295477e-04	   3.7728821e-04	   4.8352212e-04	   2.8132401e-04	   4.1202634e-04	   4.3392494e-04	   2.5954682e-04	   4.0987172e-04	   2.9330862e-04	   5.0732036e-04	
   1.6108310e-04	   6.6072153e-04	   3.5481186e-04	   5.4550204e-04	   1.0351464e-04	   8.0900058e-04	   6.0410538e-04	   6.1298506e-04	   4.9223821e-04	   3.3279913e-04	   5.1659555e-04	   3.0568985e-04	   5.8856587e-04	   5.0344771e-04	   2.7845965e-04	   5.6365718e-04	   3.4725667e-04	   0.0000000e+00	   3.1407276e-04	   5.1190230e-04	   2.4515936e-04	   4.3247291e-04	   5.7052096e-04	   1.0945134e-04	   3.1173470e-04	   3.5470270e-04	   4.4445334e-04	   6.4786380e-04	   3.4951882e-04	   4.0875686e-04	   6.6846651e-04	   4.0422010e-04	   3.2309399e-04	   6.4056427e-04	   3.7490889e-04	   6.2329984e-04	   5.0473498e-04	   3.0217740e-04	   5.4607732e-04	   7.0839703e-04	   2.4032166e-04	   4.1139335e-04	   4.4428612e-04	   5.0388825e-04	   7.8033227e-04	   4.2405379e-04	   5.2943082e-04	   8.0261025e-04	   4.9979639e-04	   4.1192980e-04	   3.2490297e-04	   2.7361400e-04	   6.5564254e-04	   2.4851752e-04	   6.9282347e-04	   6.4056754e-04	   3.2689089e-04	   2.3971118e-04	   4.4445334e-04	   6.3092029e-04	   9.9996346e-01	   5.4788171e-04	   6.3683794e-04	   2.4927443e-04	   3.5031145e-04	   5.2800951e-04	   5.8905291e-04	   1.3332580e-04	   4.7761134e-04	   3.3628429e-04	   6.0702453e-04	   7.4804577e-04	   4.1964501e-04	   2.3175949e-04	   1.0262103e-04	   2.4259299e-04	   7.0839703e-04	   3.7894899e-04	   6.2451604e-04	   7.1677922e-04	   1.6108310e-04	   4.3740354e-04	   7.7017461e-04	   5.2087295e-04	   2.6194715e-04	   6.9975743e-04	   5.2017322e-04	   4.5663062e-04	   2.7807224e-04	   3.0962584e-04	   6.0410538e-04	   4.3652450e-04	   7.1584703e-04	   2.7361400e-04	   5.5311766e-04	   1.9360140e-04	   4.3900379e-04	   3.6510480e-04	   1.0945134e-04	   6.5909588e-04	
   3.8048976e-04	   4.8605237e-04	   5.4627087e-04	   3.4223833e-04	   3.4286773e-04	   6.0423184e-04	   4.5216218e-04	   4.0835980e-04	   3.4436631e-04	   5.5241520e-04	   3.7125072e-04	   4.7916468e-04	   3.5390216e-04	   3.8970044e-04	   4.6885995e-04	   3.7330584e-04	   2.6759195e-04	   3.1407276e-04	   0.0000000e+00	   3.6564333e-04	   4.6987676e-04	   6.4523653e-04	   3.8821780e-04	   2.4668298e-04	   2.5926843e-04	   3.7251437e-04	   4.9288629e-04	   4.7262406e-04	   3.7459330e-04	   3.7649677e-04	   4.7390672e-04	   3.2000834e-04	   1.2651043e-04	   4.6996585e-04	   4.6378986e-04	   4.5270119e-04	   2.8881378e-04	   5.1426446e-04	   3.8348450e-04	   5.1015940e-04	   2.1858210e-04	   5.2674931e-04	   4.8683340e-04	   3.9792851e-04	   5.5676142e-04	   3.6852870e-04	   7.3457675e-04	   5.8179626e-04	   3.4576154e-04	   4.1503814e-04	   3.9389177e-04	   1.1940283e-04	   4.8181341e-04	   3.9164541e-04	   5.0864105e-04	   4.1716357e-04	   5.4429580e-04	   4.4791794e-04	   4.9288629e-04	   4.5357426e-04	   9.9994454e-01	   3.8283713e-04	   4.2299858e-04	   3.3500582e-04	   5.8099517e-04	   7.3285929e-04	   7.7809185e-04	   3.7237668e-04	   3.3761063e-04	   5.3990933e-04	   3.8800476e-04	   5.4963257e-04	   5.0787295e-04	   2.2408161e-04	   3.3983228e-04	   1.1404070e-04	   5.1015940e-04	   2.0167719e-04	   4.5099871e-04	   5.1935972e-04	   3.8048976e-04	   6.4362380e-04	   5.4662329e-04	   3.0740379e-04	   1.9087924e-04	   4.7106026e-04	   4.0689885e-04	   3.2607984e-04	   4.8802081e-04	   5.4886845e-04	   4.5216218e-04	   3.6418920e-04	   5.0168379e-04	   1.1940283e-04	   3.8640729e-04	   4.2346102e-04	   2.2466003e-04	   4.3748967e-04	   2.4668298e-04	   4.8303484e-04	
   5.5977603e-04	   4.6954030e-04	   6.5099352e-04	   2.1692870e-04	   5.2502182e-04	   4.8008773e-04	   4.8516009e-04	   2.3285428e-04	   6.1057801e-05	   6.9204504e-04	   4.2334731e-04	   5.9743301e-04	   3.9305122e-04	   4.7184170e-04	   6.1075454e-04	   1.7272784e-04	   2.6604645e-04	   5.1190230e-04	   3.6564333e-04	   0.0000000e+00	   6.4395057e-04	   7.6363071e-04	   2.8576452e-04	   4.4394205e-04	   3.2459035e-04	   4.9771892e-04	   5.2458107e-04	   3.7941546e-04	   4.7903579e-04	   2.6790466e-04	   3.8290273e-04	   3.2538581e-04	   3.3503394e-04	   4.6907420e-04	   4.7923457e-04	   3.8801555e-04	   3.0265154e-04	   6.6303969e-04	   3.6918982e-04	   4.0484880e-04	   4.4031546e-04	   5.6444763e-04	   5.0879946e-04	   4.8700965e-04	   5.2648498e-04	   2.4824362e-04	   8.2717878e-04	   5.2612504e-04	   6.2010292e-05	   3.4619413e-04	   4.2923970e-04	   3.9184311e-04	   4.7940489e-04	   5.2341661e-04	   4.7530484e-04	   4.2921775e-04	   6.8112743e-04	   6.1729988e-04	   5.2458107e-04	   3.8942103e-04	   9.9994161e-01	   3.6039611e-04	   2.9552686e-04	   4.5831217e-04	   7.3239071e-04	   8.3000819e-04	   9.4317753e-04	   5.5075491e-04	   7.1875648e-05	   6.6685660e-04	   4.1261777e-04	   4.3585505e-04	   5.1949875e-04	   4.4586870e-04	   5.3558074e-04	   4.0411911e-04	   4.0484880e-04	   2.8486579e-04	   3.6285041e-04	   4.1095808e-04	   5.5977603e-04	   7.4865275e-04	   5.1734867e-04	   2.7556172e-04	   4.1529528e-04	   4.6936863e-04	   2.3832308e-04	   1.1135679e-04	   6.4105589e-04	   7.0389126e-04	   4.8516009e-04	   4.0671618e-04	   3.3603833e-04	   3.9184311e-04	   3.6294847e-04	   6.0170976e-04	   2.9448026e-04	   5.1603608e-04	   4.4394205e-04	   4.2007875e-04	
   1.7328440e-04	   7.6769055e-04	   3.4731393e-04	   6.8281406e-04	   2.1994251e-04	   9.4943529e-04	   6.9808924e-04	   7.5342153e-04	   6.2526639e-04	   3.0840993e-04	   6.1576186e-04	   3.3663269e-04	   7.3095598e-04	   5.8173689e-04	   3.0773727e-04	   7.0095146e-04	   4.8617079e-04	   2.4515936e-04	   4.6987676e-04	   6.4395057e-04	   0.0000000e+00	   3.7173530e-04	   7.0477096e-04	   3.1588701e-04	   4.5790779e-04	   3.9448121e-04	   4.7542594e-04	   7.8147551e-04	   3.9882963e-04	   5.1242340e-04	   8.0101515e-04	   5.0909559e-04	   4.7566803e-04	   7.4845141e-04	   4.2708124e-04	   7.5352710e-04	   6.4356526e-04	   2.9458331e-04	   6.6791516e-04	   8.4502669e-04	   3.8652645e-04	   4.3839304e-04	   4.7990675e-04	   5.7819261e-04	   9.0998806e-04	   5.3851568e-04	   4.6878851e-04	   9.2683923e-04	   6.3123042e-04	   5.0899690e-04	   4.1696783e-04	   4.3635424e-04	   7.6266521e-04	   3.3015636e-04	   8.0801416e-04	   7.7548335e-04	   3.1560858e-04	   2.7852354e-04	   4.7542594e-04	   7.5833147e-04	   9.9997658e-01	   6.7203462e-04	   7.7446505e-04	   3.6214592e-04	   2.9217885e-04	   4.6231843e-04	   4.7792898e-04	   1.9037962e-04	   6.0902129e-04	   3.2891134e-04	   7.4218280e-04	   8.8729569e-04	   4.6286370e-04	   3.7743243e-04	   2.1310765e-04	   4.0670331e-04	   8.4502669e-04	   5.2897990e-04	   7.5603001e-04	   8.5395538e-04	   1.7328440e-04	   3.9283547e-04	   9.0142751e-04	   6.6229263e-04	   4.1362102e-04	   8.3704736e-04	   6.3794139e-04	   5.8333053e-04	   2.8388680e-04	   2.6662804e-04	   6.9808924e-04	   5.3086014e-04	   8.6319554e-04	   4.3635424e-04	   6.7725650e-04	   1.5912853e-04	   5.8757811e-04	   4.1014996e-04	   3.1588701e-04	   7.7782547e-04	
   3.8193663e-04	   9.4038923e-04	   1.7854385e-04	   8.3200317e-04	   4.2976118e-04	   1.1154161e-03	   8.6991569e-04	   9.0063416e-04	   7.4831995e-04	   2.0305807e-04	   7.8118617e-04	   2.6993237e-04	   9.1313172e-04	   7.3941932e-04	   2.9005410e-04	   8.4139983e-04	   5.9119714e-04	   4.3247291e-04	   6.4523653e-04	   7.6363071e-04	   3.7173530e-04	   0.0000000e+00	   8.4905111e-04	   5.0362023e-04	   5.5567004e-04	   5.3185681e-04	   5.2848701e-04	   9.4070749e-04	   5.3162062e-04	   5.8329106e-04	   9.6653217e-04	   6.4211134e-04	   6.3247109e-04	   9.2279906e-04	   3.9710705e-04	   9.2207744e-04	   8.0506977e-04	   2.4779209e-04	   8.3455039e-04	   1.0102556e-03	   5.8783990e-04	   3.6826733e-04	   5.2676322e-04	   7.3425752e-04	   1.0925101e-03	   6.1146358e-04	   2.5881591e-04	   1.1021045e-03	   7.5780130e-04	   5.5118611e-04	   4.1933064e-04	   6.2270009e-04	   9.3844176e-04	   3.5220649e-04	   9.8406066e-04	   9.5186399e-04	   2.1794433e-04	   3.2869489e-04	   5.2848701e-04	   9.2939005e-04	   9.9999555e-01	   8.3996688e-04	   9.2934275e-04	   4.2442384e-04	   2.5422997e-04	   2.5088987e-04	   4.2826571e-04	   4.0656175e-04	   7.2982681e-04	   2.1785788e-04	   9.1935152e-04	   1.0523525e-03	   4.2609741e-04	   5.8285307e-04	   4.2048964e-04	   5.7756233e-04	   1.0102556e-03	   6.7068612e-04	   9.1502555e-04	   1.0198746e-03	   3.8193663e-04	   1.4089062e-04	   1.0831739e-03	   8.1692588e-04	   6.1124102e-04	   1.0174734e-03	   7.3606984e-04	   7.0604398e-04	   2.7909038e-04	   2.7650963e-04	   8.6991569e-04	   6.8349735e-04	   1.0127978e-03	   6.2270009e-04	   8.4734582e-04	   3.5584573e-04	   7.4372254e-04	   5.0209044e-04	   5.0362023e-04	   9.4884425e-04	
   6.2077768e-04	   4.1900854e-04	   7.4042362e-04	   2.4435545e-04	   5.8652981e-04	   3.5531003e-04	   4.4383123e-04	   2.5366946e-04	   2.8030278e-04	   7.7031729e-04	   3.7782322e-04	   6.8716257e-04	   3.3178177e-04	   4.4881898e-04	   6.9325085e-04	   2.4826470e-04	   3.7953682e-04	   5.7052096e-04	   3.8821780e-04	   2.8576452e-04	   7.0477096e-04	   8.4905111e-04	   0.0000000e+00	   4.9702872e-04	   4.1599278e-04	   5.2579870e-04	   5.5560977e-04	   2.6907412e-04	   5.1889399e-04	   4.1033110e-04	   2.2888760e-04	   2.6744328e-04	   3.7151562e-04	   4.2485024e-04	   5.8797520e-04	   3.0605598e-04	   2.9372225e-04	   7.4065823e-04	   3.0701200e-04	   2.7142490e-04	   4.7032648e-04	   6.5463129e-04	   5.4278231e-04	   4.6365218e-04	   4.1816842e-04	   3.9155721e-04	   9.1654213e-04	   4.2527868e-04	   2.7711080e-04	   4.7353997e-04	   5.3880908e-04	   4.1333752e-04	   4.3344710e-04	   6.0855712e-04	   4.1845365e-04	   3.4158938e-04	   7.6226439e-04	   6.8744428e-04	   5.5560977e-04	   3.0259621e-04	   9.9994158e-01	   2.9406057e-04	   2.7037403e-04	   5.4596232e-04	   8.0881814e-04	   9.1750541e-04	   9.8778356e-04	   6.1111601e-04	   2.8574254e-04	   7.5053629e-04	   3.2583903e-04	   3.0629868e-04	   6.1066199e-04	   4.7507137e-04	   5.9327540e-04	   4.3889172e-04	   2.7142490e-04	   3.3330193e-04	   2.5083564e-04	   2.8302649e-04	   6.2077768e-04	   8.3535765e-04	   4.1133483e-04	   2.7893658e-04	   4.4412354e-04	   3.7448711e-04	   2.8380199e-04	   3.0050332e-04	   7.1822625e-04	   7.7512561e-04	   4.4383123e-04	   3.8224890e-04	   3.0104616e-04	   4.1333752e-04	   2.8876667e-04	   6.6445568e-04	   3.0349761e-04	   5.5088032e-04	   4.9702872e-04	   3.4966252e-04	
