   0.0000000e+00	   4.8132520e-01	   5.1932106e-01	   5.1536140e-01	   7.1621590e-02	   5.7673258e-01	   4.6478765e-01	   5.2509994e-01	   5.4275248e-01	   4.0511380e-01	   4.9623288e-01	   4.5012647e-01	   3.8176446e-01	   4.9749325e-01	   3.7725110e-01	   5.3631039e-01	   4.8797482e-01	   1.2622799e-01	   2.6893865e-01	   5.4812281e-01	   1.5965540e-01	   5.3023084e-01	   5.8224098e-01	   1.5092708e-01	   4.4473379e-01	   5.7794588e-01	   5.7378861e-01	   6.1925471e-01	   5.6426577e-01	   5.5781211e-01	   5.2830966e-01	   5.6403762e-01	   3.6059041e-01	   4.7626406e-01	   5.9453573e-01	   5.2427815e-01	   4.7957252e-01	   3.6492596e-01	   5.2231233e-01	   5.0506195e-01	   1.8798211e-01	   6.1759770e-01	   5.8277724e-01	   4.9658391e-01	   4.1358406e-01	   5.7207000e-01	   6.1066939e-01	   4.7268850e-01	   5.4330675e-01	   6.0332688e-01	   5.3928729e-01	   2.3299696e-01	   4.7557026e-01	   4.1810304e-01	   4.8161103e-01	   4.1328471e-01	   4.0827012e-01	   2.7786888e-01	   5.7378861e-01	   5.2419505e-01	   4.9711298e-01	   5.1704734e-01	   5.2683458e-01	   4.0701807e-01	   3.0164744e-01	   5.7784137e-01	   9.4668104e-01	   2.8301628e-02	   5.2893897e-01	   4.3817136e-01	   4.1178590e-01	   5.1738233e-01	   6.1988194e-01	   1.8142361e-01	   8.7596754e-02	   2.3366103e-01	   5.0506195e-01	   4.3266287e-01	   5.3502488e-01	   5.5932940e-01	   0.0000000e+00	   5.5145439e-01	   4.1234934e-01	   4.8346180e-01	   1.9204380e-01	   4.0296350e-01	   5.8280272e-01	   5.3097256e-01	   3.3205764e-01	   2.6554874e-01	   4.6478765e-01	   5.6944106e-01	   5.4189899e-01	   2.3299696e-01	   5.2075468e-01	   5.1645913e-02	   4.2390477e-01	   6.0567884e-01	   1.5092708e-01	   4.7898067e-01	
   4.8132520e-01	   0.0000000e+00	   4.7634825e-01	   3.4688971e-01	   4.7644697e-01	   2.1505822e-01	   5.9544181e-02	   3.1200410e-01	   3.6612320e-01	   4.7102667e-01	   1.7989182e-01	   4.3967930e-01	   3.3259986e-01	   1.8852120e-01	   4.3792725e-01	   3.4474529e-01	   4.0130528e-01	   4.5164163e-01	   4.0401373e-01	   3.6393569e-01	   5.0961197e-01	   4.8985712e-01	   2.8757810e-01	   4.5644984e-01	   4.1024904e-01	   4.2947142e-01	   3.8537948e-01	   2.7740529e-01	   3.9889750e-01	   4.0167272e-01	   1.5911807e-01	   2.9232280e-01	   3.8448438e-01	   1.8535397e-02	   4.6950764e-01	   1.6645911e-01	   3.6110076e-01	   4.6032584e-01	   1.7467281e-01	   1.2672508e-01	   4.3240306e-01	   4.9500830e-01	   3.9576025e-01	   1.8711634e-01	   2.7397017e-01	   4.3778140e-01	   5.0003218e-01	   2.6037924e-01	   3.6231200e-01	   4.4867901e-01	   4.6304081e-01	   4.1823326e-01	   2.0147868e-02	   4.4907714e-01	   1.4487888e-02	   3.1077679e-01	   4.6314664e-01	   4.3739450e-01	   3.8537948e-01	   1.5808805e-01	   5.0658772e-02	   1.6292115e-01	   3.1436721e-01	   4.2289574e-01	   4.6755824e-01	   4.6890836e-01	   8.4675258e-01	   4.7347855e-01	   3.6882559e-01	   4.6095776e-01	   2.8712500e-01	   1.3278742e-01	   4.9283437e-01	   4.3012449e-01	   4.6031294e-01	   4.0665180e-01	   1.2672508e-01	   3.9640267e-01	   2.0408109e-01	   1.8984527e-01	   4.8132520e-01	   4.9237812e-01	   2.7704993e-01	   3.5643272e-01	   4.3189788e-01	   3.1180253e-01	   3.6676355e-01	   3.6661099e-01	   4.3965453e-01	   4.7278484e-01	   5.9544181e-02	   2.9981034e-01	   3.2496145e-01	   4.1823326e-01	   1.6680077e-01	   4.8563793e-01	   3.8075167e-01	   3.9217654e-01	   4.5644984e-01	   5.5114369e-02	
   5.1932106e-01	   4.7634825e-01	   0.0000000e+00	   3.9364060e-01	   4.9221924e-01	   5.6113821e-01	   4.5995467e-01	   3.9402775e-01	   3.6380236e-01	   2.1193486e-01	   4.9641441e-01	   1.5779342e-01	   4.4242921e-01	   4.9973310e-01	   2.3753777e-01	   3.8983429e-01	   2.9352103e-01	   4.5418073e-01	   4.3117861e-01	   3.6859734e-01	   5.7842194e-01	   9.6764010e-02	   5.1961839e-01	   4.4789164e-01	   2.9203137e-01	   6.1772433e-01	   5.2321196e-01	   6.0507208e-01	   6.0039706e-01	   3.6053000e-01	   5.1717466e-01	   5.0069505e-01	   4.0441789e-01	   4.7196846e-01	   2.9820936e-01	   5.1140690e-01	   4.0196594e-01	   2.4671985e-01	   5.1079281e-01	   4.9051861e-01	   4.7735940e-01	   3.5065112e-01	   5.1953359e-01	   4.9774096e-01	   4.5131706e-01	   3.4030103e-01	   2.9271204e-01	   4.8226844e-01	   3.6693493e-01	   3.7698068e-01	   1.7843012e-01	   4.4461021e-01	   4.7110653e-01	   2.3198127e-01	   4.7640021e-01	   4.4641366e-01	   1.9568265e-01	   3.3426568e-01	   5.2321196e-01	   5.1057761e-01	   4.8922105e-01	   5.0787211e-01	   4.0877422e-01	   2.6234908e-01	   3.4621690e-01	   2.6455698e-01	   9.8114319e-01	   5.0928644e-01	   3.5842300e-01	   1.4930790e-01	   4.4144795e-01	   5.0662290e-01	   3.7614589e-01	   4.7165999e-01	   4.9075371e-01	   4.2981478e-01	   4.9051861e-01	   3.7761048e-01	   5.3017108e-01	   5.4354907e-01	   5.1932106e-01	   1.1084677e-01	   4.5158682e-01	   3.9020365e-01	   4.7130300e-01	   4.5023973e-01	   4.4017893e-01	   3.5874191e-01	   2.6952337e-01	   3.7504666e-01	   4.5995467e-01	   5.7890957e-01	   4.1622807e-01	   4.4461021e-01	   5.1067747e-01	   5.3123169e-01	   3.9658496e-01	   6.1027447e-01	   4.4789164e-01	   4.7611748e-01	
   5.1536140e-01	   3.4688971e-01	   3.9364060e-01	   0.0000000e+00	   4.9178658e-01	   4.5493763e-01	   3.1941621e-01	   1.1984254e-01	   1.6560338e-01	   4.3304828e-01	   3.5649383e-01	   3.2991585e-01	   2.9634760e-01	   3.5870465e-01	   3.6662450e-01	   1.0587630e-01	   1.7678282e-01	   4.6104581e-01	   3.7198240e-01	   1.8712957e-01	   5.7222488e-01	   4.3766378e-01	   3.7422474e-01	   4.5226488e-01	   2.3246731e-01	   4.9026018e-01	   4.1715356e-01	   4.9352898e-01	   4.6119611e-01	   2.4441160e-01	   3.9395613e-01	   3.1860461e-01	   2.9136441e-01	   3.3905934e-01	   3.5330372e-01	   3.7750821e-01	   1.4002052e-01	   4.0584877e-01	   3.7643400e-01	   3.4087517e-01	   4.4696889e-01	   4.1360201e-01	   4.0646916e-01	   3.5556500e-01	   2.9247856e-01	   2.5990349e-01	   4.7835290e-01	   3.7875194e-01	   1.6871299e-01	   3.4820869e-01	   3.0778199e-01	   4.0073620e-01	   3.3937603e-01	   3.2602760e-01	   3.4914008e-01	   2.7672633e-01	   4.0958482e-01	   4.1187846e-01	   4.1715356e-01	   3.8103500e-01	   3.6829503e-01	   3.7372702e-01	   9.5144026e-02	   2.9973107e-01	   4.8206823e-01	   4.5621877e-01	   9.6125885e-01	   5.1048258e-01	   1.4252600e-01	   3.7747018e-01	   2.7938089e-01	   3.6531644e-01	   4.1137816e-01	   4.4366836e-01	   4.8650871e-01	   3.9298358e-01	   3.4087517e-01	   2.2502034e-01	   3.7268043e-01	   4.2818425e-01	   5.1536140e-01	   4.3670242e-01	   2.9338776e-01	   1.1259704e-01	   4.3456375e-01	   2.9189064e-01	   3.1821592e-01	   1.3438462e-01	   3.9763710e-01	   4.8742567e-01	   3.1941621e-01	   4.2764051e-01	   1.4464635e-01	   4.0073620e-01	   3.7705290e-01	   5.2969933e-01	   2.3352540e-01	   4.5837304e-01	   4.5226488e-01	   3.3158470e-01	
   7.1621590e-02	   4.7644697e-01	   4.9221924e-01	   4.9178658e-01	   0.0000000e+00	   5.8081168e-01	   4.5612544e-01	   5.0946721e-01	   5.2420732e-01	   3.7504534e-01	   4.8466856e-01	   4.1524808e-01	   3.5097427e-01	   4.8573884e-01	   3.3700613e-01	   5.1720529e-01	   4.5537486e-01	   7.2014493e-02	   2.2577587e-01	   5.3146926e-01	   2.2125544e-01	   5.0733767e-01	   5.8263281e-01	   9.1769814e-02	   4.0593292e-01	   5.7043387e-01	   5.6990250e-01	   6.2145640e-01	   5.5408915e-01	   5.4045917e-01	   5.2940205e-01	   5.5707413e-01	   3.2038185e-01	   4.7042932e-01	   5.7842450e-01	   5.1491934e-01	   4.4853004e-01	   3.2654194e-01	   5.1284430e-01	   5.0121781e-01	   1.4543819e-01	   6.0467514e-01	   5.7829782e-01	   4.8461340e-01	   3.9276559e-01	   5.5178195e-01	   5.9871100e-01	   4.6629552e-01	   5.2553154e-01	   5.9054641e-01	   5.1153466e-01	   1.8676414e-01	   4.6991867e-01	   3.7571528e-01	   4.7703885e-01	   3.8594042e-01	   3.7525515e-01	   2.3459772e-01	   5.6990250e-01	   5.1578772e-01	   4.9463613e-01	   5.0812840e-01	   5.0975183e-01	   3.6546683e-01	   2.8145697e-01	   5.6712998e-01	   9.6293576e-01	   7.5215489e-02	   5.0751133e-01	   4.0389118e-01	   3.8754431e-01	   5.1522594e-01	   6.0766336e-01	   1.3890237e-01	   5.1174075e-02	   1.9032187e-01	   5.0121781e-01	   3.9400011e-01	   5.2871711e-01	   5.6178362e-01	   7.1621590e-02	   5.3092874e-01	   3.9112110e-01	   4.5389180e-01	   1.4775140e-01	   3.7600109e-01	   5.7600423e-01	   5.0957214e-01	   2.9330506e-01	   2.4745114e-01	   4.5612544e-01	   5.5910897e-01	   5.2649244e-01	   1.8676414e-01	   5.1178815e-01	   1.0319113e-01	   3.8712638e-01	   5.9315775e-01	   9.1769814e-02	   4.7242346e-01	
   5.7673258e-01	   2.1505822e-01	   5.6113821e-01	   4.5493763e-01	   5.8081168e-01	   0.0000000e+00	   2.6433796e-01	   3.8156601e-01	   4.4395280e-01	   5.6818869e-01	   3.3174441e-01	   5.4150237e-01	   4.7302143e-01	   3.4120612e-01	   5.4623284e-01	   4.2552029e-01	   5.1541807e-01	   5.5628533e-01	   5.2928796e-01	   4.3260222e-01	   5.8272287e-01	   5.7439396e-01	   2.0850616e-01	   5.6705229e-01	   5.3261466e-01	   5.3266950e-01	   4.2874577e-01	   1.5006525e-01	   5.1669775e-01	   4.8601088e-01	   1.0297022e-01	   2.9303151e-01	   5.1660193e-01	   2.2685426e-01	   5.3379285e-01	   2.6661481e-01	   4.9422963e-01	   5.7209077e-01	   2.8207190e-01	   1.5920205e-01	   5.4397332e-01	   5.5304731e-01	   4.3969506e-01	   3.4141644e-01	   4.2817615e-01	   5.2329427e-01	   5.5458746e-01	   3.8947475e-01	   4.3668315e-01	   4.9969347e-01	   5.5129098e-01	   5.3962224e-01	   2.2714867e-01	   5.6432806e-01	   2.1092102e-01	   4.6114566e-01	   5.6337370e-01	   5.4870774e-01	   4.2874577e-01	   2.5257949e-01	   1.7357253e-01	   2.7736959e-01	   3.9474950e-01	   5.4109448e-01	   5.5860051e-01	   5.2775089e-01	   8.2276353e-01	   5.6502853e-01	   4.6429638e-01	   5.6332361e-01	   4.3053403e-01	   1.3208842e-01	   5.5042645e-01	   5.4049215e-01	   5.6082405e-01	   5.2452831e-01	   1.5920205e-01	   5.3423226e-01	   2.3855678e-01	   3.6437750e-02	   5.7673258e-01	   5.6930630e-01	   4.3147013e-01	   4.8259270e-01	   5.4802706e-01	   4.5972752e-01	   3.8735904e-01	   4.6057205e-01	   5.4856337e-01	   5.6678596e-01	   2.6433796e-01	   3.6762234e-01	   3.8226337e-01	   5.3962224e-01	   2.7450269e-01	   5.7492375e-01	   5.1791979e-01	   4.5000657e-01	   5.6705229e-01	   2.2941698e-01	
   4.6478765e-01	   5.9544181e-02	   4.5995467e-01	   3.1941621e-01	   4.5612544e-01	   2.6433796e-01	   0.0000000e+00	   3.0019647e-01	   3.5035735e-01	   4.5269485e-01	   1.6316102e-01	   4.1839657e-01	   2.9841182e-01	   1.7029593e-01	   4.1544116e-01	   3.2674654e-01	   3.7254757e-01	   4.3148505e-01	   3.7536067e-01	   3.5154365e-01	   5.0123658e-01	   4.7522662e-01	   3.1570603e-01	   4.3344250e-01	   3.7912949e-01	   4.1704199e-01	   3.8659148e-01	   3.2077562e-01	   3.8169962e-01	   3.8408632e-01	   2.0006088e-01	   2.9931292e-01	   3.5077251e-01	   4.5836332e-02	   4.5773755e-01	   1.7124676e-01	   3.2497516e-01	   4.3649379e-01	   1.7669319e-01	   1.5120235e-01	   4.1022490e-01	   4.8475639e-01	   3.9486486e-01	   1.6782156e-01	   2.3772318e-01	   4.1799646e-01	   4.9374259e-01	   2.4697054e-01	   3.4787301e-01	   4.4103283e-01	   4.4319501e-01	   3.9129320e-01	   4.5911871e-02	   4.2167303e-01	   6.3471828e-02	   2.7271146e-01	   4.4327208e-01	   4.1582350e-01	   3.8659148e-01	   1.6782451e-01	   1.0401300e-01	   1.6560637e-01	   2.9831890e-01	   3.9541235e-01	   4.5339855e-01	   4.6369251e-01	   8.6845741e-01	   4.5840976e-01	   3.4619259e-01	   4.3944392e-01	   2.5402182e-01	   1.6612570e-01	   4.8253012e-01	   4.0837075e-01	   4.4237438e-01	   3.8185651e-01	   1.5120235e-01	   3.5903020e-01	   2.1686454e-01	   2.3663156e-01	   4.6478765e-01	   4.7947135e-01	   2.4045218e-01	   3.2310982e-01	   4.0714454e-01	   2.7540832e-01	   3.7038865e-01	   3.4460885e-01	   4.1802489e-01	   4.5697012e-01	   0.0000000e+00	   3.0078790e-01	   3.1452779e-01	   3.9129320e-01	   1.7053123e-01	   4.7175444e-01	   3.4439618e-01	   3.8928658e-01	   4.3344250e-01	   6.2370349e-02	
   5.2509994e-01	   3.1200410e-01	   3.9402775e-01	   1.1984254e-01	   5.0946721e-01	   3.8156601e-01	   3.0019647e-01	   0.0000000e+00	   1.2130827e-01	   4.4570338e-01	   3.4859376e-01	   3.4924924e-01	   3.4638701e-01	   3.5275964e-01	   3.9255883e-01	   6.4638815e-02	   2.2988691e-01	   4.7980060e-01	   4.1174382e-01	   1.2729415e-01	   5.6555046e-01	   4.3488830e-01	   2.8137429e-01	   4.7699215e-01	   2.9003100e-01	   4.9426268e-01	   3.7423136e-01	   4.2215057e-01	   4.7105609e-01	   2.1422793e-01	   3.3100792e-01	   2.5093562e-01	   3.4995866e-01	   3.0788170e-01	   3.2404307e-01	   3.5089951e-01	   2.3605974e-01	   4.3131177e-01	   3.5215849e-01	   2.8905473e-01	   4.7050088e-01	   3.8605585e-01	   3.6180200e-01	   3.5035593e-01	   3.2775100e-01	   2.4340287e-01	   4.5185641e-01	   3.7436891e-01	   1.1666515e-01	   3.0207875e-01	   3.1294042e-01	   4.3519781e-01	   3.0815332e-01	   3.6475500e-01	   3.1306536e-01	   3.2889692e-01	   4.2576104e-01	   4.3581050e-01	   3.7423136e-01	   3.5120129e-01	   3.2224762e-01	   3.4932861e-01	   6.2322708e-02	   3.4175556e-01	   4.8848889e-01	   4.2723979e-01	   9.2103876e-01	   5.1754975e-01	   1.3245147e-01	   3.9598034e-01	   3.1953552e-01	   3.0904363e-01	   3.8319208e-01	   4.6616810e-01	   5.0091351e-01	   4.2393746e-01	   2.8905473e-01	   3.0504353e-01	   3.2965616e-01	   3.5798351e-01	   5.2509994e-01	   4.2782222e-01	   3.2985882e-01	   2.0793794e-01	   4.6211081e-01	   3.3913964e-01	   2.3381988e-01	   1.2328767e-01	   4.1969843e-01	   4.9579973e-01	   3.0019647e-01	   4.0699009e-01	   6.3899358e-02	   4.3519781e-01	   3.5163657e-01	   5.3460927e-01	   3.0929342e-01	   4.4282066e-01	   4.7699215e-01	   3.0046185e-01	
   5.4275248e-01	   3.6612320e-01	   3.6380236e-01	   1.6560338e-01	   5.2420732e-01	   4.4395280e-01	   3.5035735e-01	   1.2130827e-01	   0.0000000e+00	   4.4277818e-01	   3.8551690e-01	   3.3173098e-01	   3.7874541e-01	   3.8864131e-01	   3.9281222e-01	   8.8803494e-02	   2.0669864e-01	   4.9647025e-01	   4.3227825e-01	   3.2986483e-02	   5.8581970e-01	   4.1083869e-01	   3.3669898e-01	   4.9129813e-01	   2.8023720e-01	   5.1771329e-01	   3.6214800e-01	   4.7041143e-01	   4.9488228e-01	   1.1948676e-01	   3.9730580e-01	   2.8438781e-01	   3.6987372e-01	   3.6122686e-01	   2.4920344e-01	   3.9171679e-01	   2.6966476e-01	   4.2981824e-01	   3.9198210e-01	   3.5096017e-01	   4.9106430e-01	   3.2382148e-01	   3.4224192e-01	   3.8600199e-01	   3.6759541e-01	   1.4171090e-01	   4.1773464e-01	   4.2777825e-01	   1.8668460e-02	   2.2368980e-01	   2.5480793e-01	   4.5371726e-01	   3.6197299e-01	   3.5292800e-01	   3.6807587e-01	   3.6420492e-01	   4.2161197e-01	   4.4696225e-01	   3.6214800e-01	   3.9466045e-01	   3.7950536e-01	   3.9058660e-01	   1.6152656e-01	   3.3750961e-01	   4.9998465e-01	   4.0043837e-01	   9.6149520e-01	   5.3617007e-01	   5.7883174e-02	   3.8242522e-01	   3.6084156e-01	   3.6862286e-01	   3.2042356e-01	   4.8676608e-01	   5.1987651e-01	   4.4514879e-01	   3.5096017e-01	   3.1515045e-01	   3.7065720e-01	   4.2050445e-01	   5.4275248e-01	   3.9867529e-01	   3.6906040e-01	   2.4190133e-01	   4.8063560e-01	   3.7412949e-01	   2.0551211e-01	   5.3998266e-02	   4.2431447e-01	   5.0695991e-01	   3.5035735e-01	   4.3513069e-01	   1.4660780e-01	   4.5371726e-01	   3.9253108e-01	   5.5358412e-01	   3.2934666e-01	   4.5533355e-01	   4.9129813e-01	   3.5210648e-01	
   4.0511380e-01	   4.7102667e-01	   2.1193486e-01	   4.3304828e-01	   3.7504534e-01	   5.6818869e-01	   4.5269485e-01	   4.4570338e-01	   4.4277818e-01	   0.0000000e+00	   4.8699485e-01	   1.8603112e-01	   4.0253329e-01	   4.8986015e-01	   1.4419044e-01	   4.5052441e-01	   3.4788155e-01	   3.3440339e-01	   3.4837499e-01	   4.4989545e-01	   4.7530161e-01	   2.1566507e-01	   5.5108980e-01	   3.2858521e-01	   3.0765007e-01	   6.0279659e-01	   5.6695276e-01	   6.1638615e-01	   5.8595236e-01	   4.5733939e-01	   5.1984222e-01	   5.3645714e-01	   3.5979051e-01	   4.6586641e-01	   4.4730104e-01	   5.1070170e-01	   4.1056145e-01	   9.2103661e-02	   5.0923589e-01	   4.9584066e-01	   3.7955884e-01	   4.9450901e-01	   5.7138163e-01	   4.8812595e-01	   4.2310288e-01	   4.5244107e-01	   4.3223817e-01	   4.5234806e-01	   4.4506204e-01	   4.9998267e-01	   3.2172334e-01	   3.5382457e-01	   4.6452237e-01	   2.0446400e-01	   4.7058294e-01	   4.1776901e-01	   5.1865908e-02	   1.9802892e-01	   5.6695276e-01	   5.0907644e-01	   4.8608421e-01	   5.0450981e-01	   4.5157037e-01	   2.3564415e-01	   1.6426774e-01	   3.8685774e-01	   9.7057734e-01	   3.9308560e-01	   4.2970765e-01	   1.1382578e-01	   4.1319486e-01	   5.1236722e-01	   5.1261837e-01	   3.7171348e-01	   3.7592472e-01	   3.3571097e-01	   4.9584066e-01	   3.6846167e-01	   5.3725569e-01	   5.5089842e-01	   4.0511380e-01	   2.6243210e-01	   4.2280559e-01	   4.0719925e-01	   3.7538969e-01	   4.1742404e-01	   5.1616861e-01	   4.3004968e-01	   1.2184169e-01	   2.0107532e-01	   4.5269485e-01	   5.7998774e-01	   4.6806935e-01	   3.5382457e-01	   5.0809430e-01	   4.1889086e-01	   3.7867744e-01	   6.2056916e-01	   3.2858521e-01	   4.7228827e-01	
   4.9623288e-01	   1.7989182e-01	   4.9641441e-01	   3.5649383e-01	   4.8466856e-01	   3.3174441e-01	   1.6316102e-01	   3.4859376e-01	   3.8551690e-01	   4.8699485e-01	   0.0000000e+00	   4.5604186e-01	   3.3949562e-01	   1.9625104e-02	   4.5094726e-01	   3.6388807e-01	   4.0623769e-01	   4.6321183e-01	   4.0801176e-01	   3.8822329e-01	   5.3616914e-01	   5.1394067e-01	   3.6950145e-01	   4.6252092e-01	   4.1154178e-01	   3.9902779e-01	   4.2091982e-01	   3.4684404e-01	   3.4094777e-01	   4.1666672e-01	   2.8126343e-01	   3.3550593e-01	   3.8337419e-01	   1.7288381e-01	   4.9932876e-01	   1.1344677e-01	   3.6156521e-01	   4.6654600e-01	   8.9944532e-02	   2.2529297e-01	   4.4530890e-01	   5.2784469e-01	   4.2883582e-01	   2.0196949e-02	   2.8853191e-01	   4.4726009e-01	   5.4270596e-01	   3.2548203e-01	   3.8395999e-01	   4.8007497e-01	   4.7954775e-01	   4.2377979e-01	   1.7500974e-01	   4.5188490e-01	   1.8371486e-01	   3.1598816e-01	   4.7717892e-01	   4.5036835e-01	   4.2091982e-01	   1.1963168e-01	   2.0633188e-01	   8.1020315e-02	   3.4360036e-01	   4.3001054e-01	   4.8958216e-01	   5.1831249e-01	   9.2826965e-01	   4.9165973e-01	   3.7701745e-01	   4.7426833e-01	   3.0738123e-01	   2.3791469e-01	   5.2434330e-01	   4.4427271e-01	   4.7566081e-01	   4.1775716e-01	   2.2529297e-01	   3.8852538e-01	   2.2780589e-01	   3.0542304e-01	   4.9623288e-01	   5.2024489e-01	   2.9078105e-01	   3.6132552e-01	   4.3945068e-01	   3.1885312e-01	   4.1017663e-01	   3.7656680e-01	   4.5273421e-01	   4.9082431e-01	   1.6316102e-01	   2.3620440e-01	   3.5474819e-01	   4.2377979e-01	   9.3044828e-02	   5.0644699e-01	   3.7977659e-01	   3.4744013e-01	   4.6252092e-01	   1.6584833e-01	
   4.5012647e-01	   4.3967930e-01	   1.5779342e-01	   3.2991585e-01	   4.1524808e-01	   5.4150237e-01	   4.1839657e-01	   3.4924924e-01	   3.3173098e-01	   1.8603112e-01	   4.5604186e-01	   0.0000000e+00	   3.5221191e-01	   4.5913920e-01	   1.2111223e-01	   3.4608532e-01	   2.0589956e-01	   3.6986970e-01	   3.2664046e-01	   3.4238654e-01	   5.2726665e-01	   2.2266279e-01	   5.0148244e-01	   3.5889505e-01	   1.7624153e-01	   5.7808977e-01	   5.1317722e-01	   5.8835190e-01	   5.5905319e-01	   3.4935553e-01	   4.8953059e-01	   4.7605093e-01	   2.9757454e-01	   4.3377244e-01	   3.3779697e-01	   4.7864982e-01	   3.1502791e-01	   1.7101823e-01	   4.7732207e-01	   4.5826934e-01	   3.8694475e-01	   4.0565966e-01	   5.1133332e-01	   4.5695712e-01	   3.8074777e-01	   3.3449664e-01	   3.9346198e-01	   4.3502487e-01	   3.3572719e-01	   3.9834983e-01	   1.7920528e-01	   3.4484293e-01	   4.3286191e-01	   9.6451429e-02	   4.4010019e-01	   3.6534355e-01	   1.5018396e-01	   2.3409707e-01	   5.1317722e-01	   4.7822559e-01	   4.5660056e-01	   4.7361863e-01	   3.5742440e-01	   1.2443076e-01	   3.0004472e-01	   3.5853347e-01	   9.6623627e-01	   4.4113384e-01	   3.1815991e-01	   8.7596754e-02	   3.6319768e-01	   4.7725673e-01	   4.2285945e-01	   3.8071136e-01	   4.1105552e-01	   3.2806502e-01	   4.5826934e-01	   2.7221180e-01	   4.9910069e-01	   5.2160480e-01	   4.5012647e-01	   2.4556542e-01	   3.8025077e-01	   3.0486171e-01	   3.7993558e-01	   3.6892088e-01	   4.3687356e-01	   3.1687989e-01	   1.7770730e-01	   3.2638272e-01	   4.1839657e-01	   5.4450089e-01	   3.7479578e-01	   3.4484293e-01	   4.7711356e-01	   4.6472588e-01	   2.9296900e-01	   5.7883602e-01	   3.5889505e-01	   4.3719752e-01	
   3.8176446e-01	   3.3259986e-01	   4.4242921e-01	   2.9634760e-01	   3.5097427e-01	   4.7302143e-01	   2.9841182e-01	   3.4638701e-01	   3.7874541e-01	   4.0253329e-01	   3.3949562e-01	   3.5221191e-01	   0.0000000e+00	   3.4068777e-01	   3.2102091e-01	   3.5248447e-01	   2.8981927e-01	   3.1830458e-01	   1.8072098e-01	   3.9270761e-01	   4.6686846e-01	   4.7003454e-01	   4.7041249e-01	   3.0725720e-01	   2.5312768e-01	   4.5990731e-01	   4.7177333e-01	   5.1790832e-01	   4.2982630e-01	   4.1178229e-01	   4.0586340e-01	   4.2400285e-01	   1.2757385e-01	   3.2260996e-01	   4.7928133e-01	   3.7574031e-01	   2.0380680e-01	   3.5318039e-01	   3.7320741e-01	   3.6295089e-01	   2.6545924e-01	   5.1526917e-01	   4.7914704e-01	   3.3825682e-01	   1.3261582e-01	   4.2834145e-01	   5.3496011e-01	   3.2686772e-01	   3.8072436e-01	   4.8758612e-01	   4.1339130e-01	   2.1433651e-01	   3.2236588e-01	   3.1278377e-01	   3.3445816e-01	   7.5340437e-02	   3.8474438e-01	   3.0731358e-01	   4.7177333e-01	   3.7809917e-01	   3.6006972e-01	   3.6856645e-01	   3.3624436e-01	   2.7271691e-01	   4.0347669e-01	   5.0827160e-01	   9.2855385e-01	   3.8107787e-01	   3.5462816e-01	   3.7885127e-01	   8.7109378e-02	   3.8313136e-01	   5.1493569e-01	   2.6618368e-01	   3.3796985e-01	   2.1316229e-01	   3.6295089e-01	   1.7683602e-01	   3.9704655e-01	   4.4768491e-01	   3.8176446e-01	   4.8409828e-01	   1.2877501e-01	   2.2299825e-01	   2.5466023e-01	   6.5672129e-02	   4.6555389e-01	   3.5319441e-01	   3.2852795e-01	   4.0188588e-01	   2.9841182e-01	   4.3022231e-01	   3.7184796e-01	   2.1433651e-01	   3.7361706e-01	   3.9614658e-01	   1.4406679e-01	   4.7184678e-01	   3.0725720e-01	   3.2211086e-01	
   4.9749325e-01	   1.8852120e-01	   4.9973310e-01	   3.5870465e-01	   4.8573884e-01	   3.4120612e-01	   1.7029593e-01	   3.5275964e-01	   3.8864131e-01	   4.8986015e-01	   1.9625104e-02	   4.5913920e-01	   3.4068777e-01	   0.0000000e+00	   4.5370853e-01	   3.6717769e-01	   4.0846044e-01	   4.6493674e-01	   4.0911318e-01	   3.9177366e-01	   5.3762874e-01	   5.1676960e-01	   3.7652079e-01	   4.6395613e-01	   4.1344638e-01	   3.9401016e-01	   4.2202039e-01	   3.5481517e-01	   3.3483982e-01	   4.1832321e-01	   2.8967233e-01	   3.4013224e-01	   3.8469548e-01	   1.8116420e-01	   5.0251592e-01	   1.2417588e-01	   3.6281311e-01	   4.6867710e-01	   9.7665344e-02	   2.3345332e-01	   4.4695228e-01	   5.3090916e-01	   4.2995067e-01	   1.4522018e-02	   2.8886971e-01	   4.4924687e-01	   5.4604974e-01	   3.2773892e-01	   3.8724529e-01	   4.8339114e-01	   4.8267476e-01	   4.2503371e-01	   1.8330212e-01	   4.5419599e-01	   1.9240435e-01	   3.1650630e-01	   4.8001000e-01	   4.5216635e-01	   4.2202039e-01	   1.3067922e-01	   2.1567195e-01	   9.0405677e-02	   3.4726769e-01	   4.3213164e-01	   4.9218705e-01	   5.2162473e-01	   9.3112321e-01	   4.9330324e-01	   3.7915560e-01	   4.7707517e-01	   3.0888981e-01	   2.4656129e-01	   5.2722158e-01	   4.4595321e-01	   4.7718722e-01	   4.1929366e-01	   2.3345332e-01	   3.8933363e-01	   2.3268867e-01	   3.1485186e-01	   4.9749325e-01	   5.2334819e-01	   2.9108903e-01	   3.6307635e-01	   4.4073190e-01	   3.1954327e-01	   4.1397169e-01	   3.7896885e-01	   4.5515630e-01	   4.9307739e-01	   1.7029593e-01	   2.3451541e-01	   3.5934995e-01	   4.2503371e-01	   1.0304711e-01	   5.0785944e-01	   3.8089466e-01	   3.4650275e-01	   4.6395613e-01	   1.7346697e-01	
   3.7725110e-01	   4.3792725e-01	   2.3753777e-01	   3.6662450e-01	   3.3700613e-01	   5.4623284e-01	   4.1544116e-01	   3.9255883e-01	   3.9281222e-01	   1.4419044e-01	   4.5094726e-01	   1.2111223e-01	   3.2102091e-01	   4.5370853e-01	   0.0000000e+00	   3.9524079e-01	   2.6371922e-01	   2.8650364e-01	   2.5983682e-01	   4.0385931e-01	   4.6846051e-01	   2.7699811e-01	   5.2416860e-01	   2.7373697e-01	   2.0492109e-01	   5.7088670e-01	   5.3901183e-01	   5.9485123e-01	   5.5164108e-01	   4.1621142e-01	   4.9220415e-01	   5.0091944e-01	   2.6116517e-01	   4.3151258e-01	   4.2379030e-01	   4.7811067e-01	   3.2807558e-01	   8.9381373e-02	   4.7634097e-01	   4.6244278e-01	   3.1139264e-01	   4.8029456e-01	   5.4208167e-01	   4.5171944e-01	   3.6186767e-01	   4.1030937e-01	   4.5496701e-01	   4.2336957e-01	   3.9596534e-01	   4.7159911e-01	   2.8330475e-01	   2.7231181e-01	   4.3045008e-01	   9.4653670e-02	   4.3811486e-01	   3.4434011e-01	   1.1188694e-01	   1.3167928e-01	   5.3901183e-01	   4.7745584e-01	   4.5611350e-01	   4.7187720e-01	   3.9499397e-01	   1.1655477e-01	   2.1946496e-01	   4.1542567e-01	   9.6027728e-01	   3.6790637e-01	   3.7544243e-01	   1.0950329e-01	   3.4276804e-01	   4.8131080e-01	   4.9429073e-01	   3.0426356e-01	   3.3213664e-01	   2.5392826e-01	   4.6244278e-01	   2.6961519e-01	   5.0383624e-01	   5.2650842e-01	   3.7725110e-01	   3.1121294e-01	   3.6086214e-01	   3.2529186e-01	   3.0565312e-01	   3.4426966e-01	   4.8762673e-01	   3.7462535e-01	   7.6849737e-02	   2.4417248e-01	   4.1544116e-01	   5.4412710e-01	   4.1649797e-01	   2.7231181e-01	   4.7576799e-01	   3.9397875e-01	   2.8201223e-01	   5.8303627e-01	   2.7373697e-01	   4.3624194e-01	
   5.3631039e-01	   3.4474529e-01	   3.8983429e-01	   1.0587630e-01	   5.1720529e-01	   4.2552029e-01	   3.2674654e-01	   6.4638815e-02	   8.8803494e-02	   4.5052441e-01	   3.6388807e-01	   3.4608532e-01	   3.5248447e-01	   3.6717769e-01	   3.9524079e-01	   0.0000000e+00	   2.0928109e-01	   4.8866013e-01	   4.1683658e-01	   1.0364588e-01	   5.8235746e-01	   4.3580255e-01	   3.2437136e-01	   4.8300695e-01	   2.7660823e-01	   5.0299939e-01	   3.8316753e-01	   4.5646827e-01	   4.7624431e-01	   1.8879672e-01	   3.7553340e-01	   2.7378580e-01	   3.4841052e-01	   3.3920532e-01	   3.0883692e-01	   3.6967692e-01	   2.2890068e-01	   4.3250609e-01	   3.7050625e-01	   3.2553983e-01	   4.7959007e-01	   3.7354550e-01	   3.6772198e-01	   3.6434217e-01	   3.4173238e-01	   2.0913202e-01	   4.5275171e-01	   4.0754437e-01	   8.8490765e-02	   2.8622186e-01	   2.9457325e-01	   4.4046449e-01	   3.3995900e-01	   3.5702667e-01	   3.4673841e-01	   3.3565788e-01	   4.2901125e-01	   4.4395391e-01	   3.8316753e-01	   3.7274419e-01	   3.5913498e-01	   3.6916636e-01	   8.9922514e-02	   3.3753747e-01	   5.0110520e-01	   4.3422073e-01	   9.5592310e-01	   5.2990957e-01	   9.2087535e-02	   3.9439193e-01	   3.3277693e-01	   3.4556999e-01	   3.6987104e-01	   4.7573158e-01	   5.1187810e-01	   4.3227253e-01	   3.2553983e-01	   2.9372334e-01	   3.5153942e-01	   4.0062500e-01	   5.3631039e-01	   4.2830794e-01	   3.4319815e-01	   2.0087580e-01	   4.6872674e-01	   3.4735178e-01	   2.4342931e-01	   8.2353573e-02	   4.2526426e-01	   5.0706633e-01	   3.2674654e-01	   4.1725086e-01	   8.5422230e-02	   4.4046449e-01	   3.7092422e-01	   5.4825465e-01	   3.0392006e-01	   4.4283631e-01	   4.8300695e-01	   3.2988734e-01	
   4.8797482e-01	   4.0130528e-01	   2.9352103e-01	   1.7678282e-01	   4.5537486e-01	   5.1541807e-01	   3.7254757e-01	   2.2988691e-01	   2.0669864e-01	   3.4788155e-01	   4.0623769e-01	   2.0589956e-01	   2.8981927e-01	   4.0846044e-01	   2.6371922e-01	   2.0928109e-01	   0.0000000e+00	   4.1685796e-01	   3.2556416e-01	   2.2795796e-01	   5.6045849e-01	   3.5400502e-01	   4.5034527e-01	   4.0356625e-01	   9.5497182e-02	   5.2576887e-01	   4.5486145e-01	   5.5356177e-01	   5.0007475e-01	   2.4859881e-01	   4.5776243e-01	   3.9953488e-01	   2.4439337e-01	   3.9336760e-01	   3.0383209e-01	   4.3009111e-01	   1.7414202e-01	   3.1530593e-01	   4.2873307e-01	   4.1100253e-01	   4.0852346e-01	   3.8028982e-01	   4.4789938e-01	   4.0550098e-01	   3.1723433e-01	   2.3439505e-01	   4.3444640e-01	   4.1632559e-01	   2.1376758e-01	   3.3436341e-01	   1.9158700e-01	   3.5534495e-01	   3.9323796e-01	   2.0157939e-01	   4.0318825e-01	   2.9022040e-01	   3.1735446e-01	   3.3543510e-01	   4.5486145e-01	   4.3309401e-01	   4.2321519e-01	   4.2631646e-01	   2.3193858e-01	   1.7792724e-01	   4.2286062e-01	   4.1257978e-01	   9.7920629e-01	   4.8271270e-01	   1.8295069e-01	   2.6902515e-01	   2.9576403e-01	   4.3288936e-01	   3.8635323e-01	   4.0473602e-01	   4.5084845e-01	   3.4558575e-01	   4.1100253e-01	   1.6524727e-01	   4.4067237e-01	   4.9086465e-01	   4.8797482e-01	   3.5758226e-01	   3.1679708e-01	   1.5496330e-01	   3.9598659e-01	   3.0099685e-01	   3.6671765e-01	   1.7852166e-01	   3.1091375e-01	   4.3412267e-01	   3.7254757e-01	   4.8137148e-01	   2.5730195e-01	   3.5534495e-01	   4.2952790e-01	   5.0371930e-01	   1.9649053e-01	   5.0462951e-01	   4.0356625e-01	   3.8994856e-01	
   1.2622799e-01	   4.5164163e-01	   4.5418073e-01	   4.6104581e-01	   7.2014493e-02	   5.5628533e-01	   4.3148505e-01	   4.7980060e-01	   4.9647025e-01	   3.3440339e-01	   4.6321183e-01	   3.6986970e-01	   3.1830458e-01	   4.6493674e-01	   2.8650364e-01	   4.8866013e-01	   4.1685796e-01	   0.0000000e+00	   1.8315352e-01	   5.0418885e-01	   2.6569038e-01	   4.7286546e-01	   5.5892566e-01	   3.7653788e-02	   3.6275034e-01	   5.5950019e-01	   5.5752538e-01	   5.9949682e-01	   5.4233366e-01	   5.1704351e-01	   5.0434887e-01	   5.3581910e-01	   2.7953501e-01	   4.4564673e-01	   5.5307685e-01	   4.9156809e-01	   4.1382697e-01	   2.8245074e-01	   4.8997434e-01	   4.7750768e-01	   1.1592873e-01	   5.8429833e-01	   5.6619697e-01	   4.6378858e-01	   3.6687556e-01	   5.2703187e-01	   5.7486261e-01	   4.4388924e-01	   4.9788217e-01	   5.6852664e-01	   4.7549114e-01	   1.4561508e-01	   4.4498751e-01	   3.2799409e-01	   4.5202291e-01	   3.5628964e-01	   3.3225437e-01	   1.8316433e-01	   5.5752538e-01	   4.9184999e-01	   4.6938953e-01	   4.8526470e-01	   4.7988623e-01	   3.1646876e-01	   2.4966587e-01	   5.4146215e-01	   9.5512784e-01	   1.2180918e-01	   4.8000587e-01	   3.6028001e-01	   3.5621321e-01	   4.9201403e-01	   5.8859754e-01	   1.0651494e-01	   6.6696858e-02	   1.4300452e-01	   4.7750768e-01	   3.5550652e-01	   5.0939627e-01	   5.3744455e-01	   1.2622799e-01	   4.9795475e-01	   3.6527714e-01	   4.1878685e-01	   1.1858430e-01	   3.4679979e-01	   5.5498722e-01	   4.8123674e-01	   2.4484062e-01	   2.2332878e-01	   4.3148505e-01	   5.4161572e-01	   4.9799252e-01	   1.4561508e-01	   4.8872902e-01	   1.5199912e-01	   3.4883084e-01	   5.7822762e-01	   3.7653788e-02	   4.4873418e-01	
   2.6893865e-01	   4.0401373e-01	   4.3117861e-01	   3.7198240e-01	   2.2577587e-01	   5.2928796e-01	   3.7536067e-01	   4.1174382e-01	   4.3227825e-01	   3.4837499e-01	   4.0801176e-01	   3.2664046e-01	   1.8072098e-01	   4.0911318e-01	   2.5983682e-01	   4.1683658e-01	   3.2556416e-01	   1.8315352e-01	   0.0000000e+00	   4.4488292e-01	   3.8271766e-01	   4.6014083e-01	   5.2413366e-01	   1.6653939e-01	   2.6336983e-01	   5.1283947e-01	   5.1912751e-01	   5.7205702e-01	   4.8892953e-01	   4.5863216e-01	   4.6747141e-01	   4.8505654e-01	   1.2841314e-01	   3.9555004e-01	   5.0969259e-01	   4.4309782e-01	   2.9709004e-01	   2.8528115e-01	   4.4016768e-01	   4.3152864e-01	   1.3426300e-01	   5.4785450e-01	   5.2709386e-01	   4.0716399e-01	   2.6396689e-01	   4.6922709e-01	   5.5534390e-01	   3.9268744e-01	   4.3477900e-01	   5.2661842e-01	   4.2442529e-01	   5.6612002e-02	   3.9509548e-01	   2.7180960e-01	   4.0519077e-01	   2.3239915e-01	   3.3256860e-01	   2.0213610e-01	   5.1912751e-01	   4.4496859e-01	   4.2771459e-01	   4.3592862e-01	   4.0651787e-01	   2.3810189e-01	   3.2188640e-01	   5.2490286e-01	   9.5193026e-01	   2.6890367e-01	   4.0889531e-01	   3.3938332e-01	   2.3878494e-01	   4.4969294e-01	   5.5075553e-01	   1.3147234e-01	   2.1169648e-01	   5.2084973e-02	   4.3152864e-01	   2.2512591e-01	   4.6201546e-01	   5.0669618e-01	   2.6893865e-01	   4.8120896e-01	   2.6118033e-01	   3.0813082e-01	   1.1948676e-01	   2.2319130e-01	   5.1472029e-01	   4.0908292e-01	   2.4998094e-01	   3.1352833e-01	   3.7536067e-01	   4.8990664e-01	   4.3314887e-01	   5.6612002e-02	   4.4044539e-01	   2.8749029e-01	   2.1253200e-01	   5.2771900e-01	   1.6653939e-01	   3.9621405e-01	
   5.4812281e-01	   3.6393569e-01	   3.6859734e-01	   1.8712957e-01	   5.3146926e-01	   4.3260222e-01	   3.5154365e-01	   1.2729415e-01	   3.2986483e-02	   4.4989545e-01	   3.8822329e-01	   3.4238654e-01	   3.9270761e-01	   3.9177366e-01	   4.0385931e-01	   1.0364588e-01	   2.2795796e-01	   5.0418885e-01	   4.4488292e-01	   0.0000000e+00	   5.8743236e-01	   4.1409963e-01	   3.2182180e-01	   5.0029743e-01	   2.9940056e-01	   5.2186099e-01	   3.5428599e-01	   4.5814834e-01	   5.0043397e-01	   1.1726615e-01	   3.8923317e-01	   2.7428800e-01	   3.8622764e-01	   3.5988269e-01	   2.4433057e-01	   3.9030259e-01	   2.9139329e-01	   4.4004732e-01	   3.9104768e-01	   3.4563732e-01	   4.9966177e-01	   3.1814435e-01	   3.3290782e-01	   3.8937432e-01	   3.7876894e-01	   1.4469425e-01	   4.1349068e-01	   4.3146669e-01	   2.7593090e-02	   2.1165672e-01	   2.6247737e-01	   4.6493568e-01	   3.6057394e-01	   3.6745667e-01	   3.6563205e-01	   3.7842373e-01	   4.2981824e-01	   4.5692462e-01	   3.5428599e-01	   3.9264205e-01	   3.7478125e-01	   3.8975809e-01	   1.7225558e-01	   3.5287048e-01	   5.0502372e-01	   3.9613158e-01	   9.5645843e-01	   5.4107527e-01	   8.1124121e-02	   3.9197452e-01	   3.7294335e-01	   3.6201675e-01	   3.1447113e-01	   4.9528624e-01	   5.2652911e-01	   4.5590724e-01	   3.4563732e-01	   3.3593651e-01	   3.6559143e-01	   4.1014766e-01	   5.4812281e-01	   4.0020094e-01	   3.8050325e-01	   2.6369857e-01	   4.9011981e-01	   3.8746383e-01	   1.8392492e-01	   7.9228565e-02	   4.3402117e-01	   5.1227253e-01	   3.5154365e-01	   4.3425265e-01	   1.5041781e-01	   4.6493568e-01	   3.9137795e-01	   5.5794077e-01	   3.4874426e-01	   4.5506058e-01	   5.0029743e-01	   3.5086000e-01	
   1.5965540e-01	   5.0961197e-01	   5.7842194e-01	   5.7222488e-01	   2.2125544e-01	   5.8272287e-01	   5.0123658e-01	   5.6555046e-01	   5.8581970e-01	   4.7530161e-01	   5.3616914e-01	   5.2726665e-01	   4.6686846e-01	   5.3762874e-01	   4.6846051e-01	   5.8235746e-01	   5.6045849e-01	   2.6569038e-01	   3.8271766e-01	   5.8743236e-01	   0.0000000e+00	   5.8012514e-01	   5.9190036e-01	   2.9151219e-01	   5.3069186e-01	   6.1251975e-01	   5.9181086e-01	   6.2689876e-01	   6.0400671e-01	   5.9815428e-01	   5.4276251e-01	   5.8863371e-01	   4.5993530e-01	   5.0678411e-01	   6.3176792e-01	   5.5844806e-01	   5.5395422e-01	   4.5264345e-01	   5.5708479e-01	   5.2923371e-01	   3.1947200e-01	   6.4998536e-01	   6.0122185e-01	   5.3701238e-01	   4.7769736e-01	   6.1803199e-01	   6.3967729e-01	   5.0011434e-01	   5.8502820e-01	   6.3451078e-01	   5.9976019e-01	   3.5699062e-01	   5.0581905e-01	   5.1081220e-01	   5.0916103e-01	   4.8956295e-01	   4.8371260e-01	   3.8246146e-01	   5.9181086e-01	   5.5627910e-01	   5.1938206e-01	   5.5078519e-01	   5.7148645e-01	   4.9892609e-01	   3.6590274e-01	   6.0438197e-01	   9.2537947e-01	   1.5716471e-01	   5.7842964e-01	   5.1388865e-01	   4.8265937e-01	   5.3791135e-01	   6.5161092e-01	   3.1331194e-01	   2.3228623e-01	   3.5120129e-01	   5.2923371e-01	   5.2210662e-01	   5.6202326e-01	   5.6916019e-01	   1.5965540e-01	   5.9682115e-01	   4.7730340e-01	   5.5428745e-01	   3.2469322e-01	   4.7989035e-01	   6.0248361e-01	   5.8055592e-01	   4.2353441e-01	   3.3086731e-01	   5.0123658e-01	   6.0410178e-01	   5.8195608e-01	   3.5699062e-01	   5.5445266e-01	   1.4533944e-01	   5.1229089e-01	   6.4445683e-01	   2.9151219e-01	   5.0990331e-01	
   5.3023084e-01	   4.8985712e-01	   9.6764010e-02	   4.3766378e-01	   5.0733767e-01	   5.7439396e-01	   4.7522662e-01	   4.3488830e-01	   4.1083869e-01	   2.1566507e-01	   5.1394067e-01	   2.2266279e-01	   4.7003454e-01	   5.1676960e-01	   2.7699811e-01	   4.3580255e-01	   3.5400502e-01	   4.7286546e-01	   4.6014083e-01	   4.1409963e-01	   5.8012514e-01	   0.0000000e+00	   5.3823520e-01	   4.6931570e-01	   3.5068500e-01	   6.2562451e-01	   5.3500545e-01	   6.2154720e-01	   6.1155884e-01	   4.0074237e-01	   5.3003007e-01	   5.2520740e-01	   4.4290003e-01	   4.8598643e-01	   3.3911774e-01	   5.3311262e-01	   4.4334131e-01	   2.6892208e-01	   5.3115713e-01	   5.0801830e-01	   4.9886953e-01	   3.7562171e-01	   5.3477037e-01	   5.1499913e-01	   4.6768739e-01	   3.8946458e-01	   2.7140314e-01	   4.7916150e-01	   4.1291801e-01	   4.1549002e-01	   2.5289289e-01	   4.7145633e-01	   4.8479826e-01	   2.9021699e-01	   4.8947902e-01	   4.7030724e-01	   2.1352660e-01	   3.5636744e-01	   5.3500545e-01	   5.3125219e-01	   5.0226169e-01	   5.2713331e-01	   4.4901210e-01	   3.1636237e-01	   3.4171065e-01	   2.3245027e-01	   9.6939790e-01	   5.1988508e-01	   4.0545337e-01	   1.9190198e-01	   4.6339455e-01	   5.2376234e-01	   4.0259478e-01	   4.9325005e-01	   5.0598834e-01	   4.5568893e-01	   5.0801830e-01	   4.2292734e-01	   5.5053976e-01	   5.5812884e-01	   5.3023084e-01	   6.6040465e-02	   4.6827132e-01	   4.3391394e-01	   4.9462512e-01	   4.7280474e-01	   4.6750000e-01	   4.0668345e-01	   2.9301800e-01	   3.7201567e-01	   4.7522662e-01	   6.0058750e-01	   4.5872282e-01	   4.7145633e-01	   5.3084295e-01	   5.3937816e-01	   4.3753482e-01	   6.3551800e-01	   4.6931570e-01	   4.9193856e-01	
   5.8224098e-01	   2.8757810e-01	   5.1961839e-01	   3.7422474e-01	   5.8263281e-01	   2.0850616e-01	   3.1570603e-01	   2.8137429e-01	   3.3669898e-01	   5.5108980e-01	   3.6950145e-01	   5.0148244e-01	   4.7041249e-01	   3.7652079e-01	   5.2416860e-01	   3.2437136e-01	   4.5034527e-01	   5.5892566e-01	   5.2413366e-01	   3.2182180e-01	   5.9190036e-01	   5.3823520e-01	   0.0000000e+00	   5.6613314e-01	   4.8608319e-01	   5.3726306e-01	   3.4888476e-01	   2.4667771e-01	   5.2552495e-01	   3.7366741e-01	   1.9921779e-01	   1.6103853e-01	   4.9848733e-01	   2.9290816e-01	   4.4416461e-01	   3.2943984e-01	   4.4656002e-01	   5.5366371e-01	   3.3572424e-01	   2.0559158e-01	   5.4939028e-01	   4.7366358e-01	   3.4571179e-01	   3.7598792e-01	   4.3195862e-01	   4.1855746e-01	   5.0726351e-01	   4.0778238e-01	   3.2766490e-01	   3.9629900e-01	   4.8352221e-01	   5.3711008e-01	   2.9334557e-01	   5.2881261e-01	   2.8502595e-01	   4.5665152e-01	   5.4227433e-01	   5.4049581e-01	   3.4888476e-01	   3.2180796e-01	   2.6553196e-01	   3.3319766e-01	   3.0572113e-01	   5.0678704e-01	   5.5918689e-01	   4.7964581e-01	   8.6368342e-01	   5.7163456e-01	   3.6086763e-01	   5.3147765e-01	   4.3210415e-01	   2.0512633e-01	   4.6747459e-01	   5.4501070e-01	   5.6663047e-01	   5.2302743e-01	   2.0559158e-01	   4.9623986e-01	   2.5539786e-01	   1.9795141e-01	   5.8224098e-01	   5.2657987e-01	   4.3546732e-01	   4.2783495e-01	   5.4974430e-01	   4.5833415e-01	   2.4767111e-01	   3.5907846e-01	   5.3421836e-01	   5.6671084e-01	   3.1570603e-01	   3.8503892e-01	   2.7850951e-01	   5.3711008e-01	   3.3294499e-01	   5.8223418e-01	   4.8667556e-01	   4.4207325e-01	   5.6613314e-01	   2.8239815e-01	
