   0.0000000e+00	   4.9095833e-01	   2.3987585e-01	   4.1166075e-01	   6.9596266e-02	   5.9493505e-01	   4.8322834e-01	   4.4853296e-01	   3.6046946e-01	   2.3033894e-01	   3.7618428e-01	   2.1653188e-01	   4.7693325e-01	   3.9959848e-01	   2.0188378e-01	   3.7566286e-01	   2.5872667e-01	   8.8946907e-02	   2.1159617e-01	   3.6157048e-01	   1.0958112e-01	   2.9237571e-01	   3.8420510e-01	   1.3799506e-01	   2.1482189e-01	   2.7445156e-01	   3.0647425e-01	   4.8449446e-01	   2.5028430e-01	   2.6237547e-01	   4.5995235e-01	   2.4989651e-01	   2.2123103e-01	   4.7293262e-01	   2.5361042e-01	   4.2851685e-01	   4.0343928e-01	   2.1001514e-01	   3.6763031e-01	   4.7701487e-01	   1.8456787e-01	   2.8182789e-01	   2.9489469e-01	   3.7194841e-01	   6.6312481e-01	   2.6622317e-01	   3.8463149e-01	   6.9471820e-01	   3.4463855e-01	   2.6126684e-01	   2.2965001e-01	   1.9617024e-01	   5.0090276e-01	   1.7532215e-01	   4.9363032e-01	   5.2666588e-01	   2.3016394e-01	   1.7341071e-01	   3.0647425e-01	   4.4162620e-01	   4.7957372e-01	   3.5650292e-01	   4.8870095e-01	   1.8072762e-01	   2.2544801e-01	   3.8146669e-01	   4.0954165e-01	   5.5610242e-02	   3.5002826e-01	   2.4542073e-01	   5.3975887e-01	   5.3560654e-01	   2.8616148e-01	   1.8877535e-01	   9.2463228e-02	   1.7676921e-01	   4.7701487e-01	   2.6658209e-01	   4.3192520e-01	   5.2412584e-01	   0.0000000e+00	   3.2407103e-01	   6.3589143e-01	   3.7125368e-01	   1.8592095e-01	   5.3601443e-01	   3.0016055e-01	   3.0828068e-01	   1.9908354e-01	   2.1212163e-01	   4.8322834e-01	   2.5920403e-01	   5.3383883e-01	   1.9617024e-01	   3.7418552e-01	   6.1389264e-02	   3.0403100e-01	   2.4622089e-01	   1.3799506e-01	   4.3761025e-01	
   4.9095833e-01	   0.0000000e+00	   6.3392181e-01	   2.6435154e-01	   4.9614754e-01	   2.9783064e-01	   5.5401065e-02	   2.7704231e-01	   3.2249290e-01	   6.5820305e-01	   1.7499072e-01	   6.1115305e-01	   2.4112820e-01	   1.7174461e-01	   6.0700754e-01	   2.9652527e-01	   3.8736516e-01	   4.9442938e-01	   3.7075665e-01	   3.3140015e-01	   5.5040537e-01	   6.9549539e-01	   2.9336681e-01	   4.2254469e-01	   4.2193651e-01	   3.2345084e-01	   5.5493323e-01	   2.7020822e-01	   3.4736057e-01	   4.2523379e-01	   2.1117292e-01	   3.7239985e-01	   3.6191787e-01	   4.3854878e-02	   5.6547159e-01	   2.0810073e-01	   2.5353231e-01	   6.1970809e-01	   1.7777860e-01	   2.3930574e-01	   3.7595001e-01	   6.1860723e-01	   5.5120142e-01	   2.0716657e-01	   2.6723715e-01	   4.2477902e-01	   7.8989031e-01	   2.6532376e-01	   3.2459537e-01	   4.9166867e-01	   5.1573731e-01	   3.7955514e-01	   5.9237760e-02	   5.5561955e-01	   5.2371912e-02	   2.1304369e-01	   6.5714485e-01	   5.8191455e-01	   5.5493323e-01	   2.0448212e-01	   8.5955776e-02	   1.9166208e-01	   2.5997753e-01	   5.0996029e-01	   6.5715005e-01	   7.8505340e-01	   7.5298015e-01	   5.0982635e-01	   3.2847524e-01	   6.6558179e-01	   2.1115027e-01	   2.7497117e-01	   6.1129942e-01	   3.7725573e-01	   5.2002992e-01	   4.0418684e-01	   2.3930574e-01	   3.4772806e-01	   2.5065241e-01	   2.5191625e-01	   4.9095833e-01	   7.3650056e-01	   2.4508935e-01	   2.7715075e-01	   3.7892662e-01	   2.1687226e-01	   3.8791663e-01	   3.3447513e-01	   6.1520180e-01	   6.4782902e-01	   5.5401065e-02	   3.6282255e-01	   3.0532666e-01	   3.7955514e-01	   1.9016315e-01	   5.2343084e-01	   3.0623347e-01	   4.7319105e-01	   4.2254469e-01	   1.1682688e-01	
   2.3987585e-01	   6.3392181e-01	   0.0000000e+00	   5.2538959e-01	   2.4673628e-01	   7.1772597e-01	   6.2765825e-01	   5.5568839e-01	   4.4829231e-01	   1.2255025e-01	   5.1425863e-01	   1.0053851e-01	   6.1870990e-01	   5.3722607e-01	   1.3850883e-01	   4.7706211e-01	   3.3171737e-01	   2.4051846e-01	   3.5739073e-01	   4.4546799e-01	   2.4308594e-01	   1.2718838e-01	   4.9155058e-01	   2.9808965e-01	   2.8462991e-01	   3.9140457e-01	   3.0845786e-01	   6.0427516e-01	   3.6279243e-01	   2.9705454e-01	   5.8743162e-01	   3.4743725e-01	   3.5171782e-01	   6.1789028e-01	   1.7385519e-01	   5.6246100e-01	   5.3086499e-01	   1.4428571e-01	   5.0548492e-01	   6.0146905e-01	   3.5757987e-01	   1.7654884e-01	   2.9051506e-01	   5.0670756e-01	   8.0519917e-01	   2.9725910e-01	   2.2806836e-01	   8.3354262e-01	   4.3350827e-01	   2.5393606e-01	   1.8596870e-01	   3.5177995e-01	   6.4571814e-01	   1.6259304e-01	   6.3728079e-01	   6.6789886e-01	   1.2495099e-01	   1.7712431e-01	   3.0845786e-01	   5.7480448e-01	   6.2109737e-01	   4.9465863e-01	   6.0356835e-01	   2.0009300e-01	   1.7876319e-01	   2.2695465e-01	   3.8591846e-01	   2.3333494e-01	   4.3512011e-01	   1.0893727e-01	   6.8033009e-01	   6.5791452e-01	   1.9030317e-01	   3.5805323e-01	   2.5010413e-01	   3.1958691e-01	   6.0146905e-01	   3.7980157e-01	   5.5296426e-01	   6.4842335e-01	   2.3987585e-01	   1.4072965e-01	   7.7873198e-01	   4.9041968e-01	   3.5590854e-01	   6.7882763e-01	   3.5686482e-01	   3.9542172e-01	   1.4829142e-01	   1.9448842e-01	   6.2765825e-01	   3.7144495e-01	   6.4301537e-01	   3.5177995e-01	   5.1116822e-01	   2.3491893e-01	   4.3119564e-01	   3.1324316e-01	   2.9808965e-01	   5.7714401e-01	
   4.1166075e-01	   2.6435154e-01	   5.2538959e-01	   0.0000000e+00	   4.1099992e-01	   2.7279670e-01	   2.6206031e-01	   8.3840038e-02	   1.3646218e-01	   5.6148267e-01	   2.7464062e-01	   5.0061362e-01	   2.0062817e-01	   2.9368558e-01	   5.0705115e-01	   8.9642921e-02	   2.2302357e-01	   4.0934482e-01	   2.7238831e-01	   1.5163426e-01	   4.8177322e-01	   6.1144018e-01	   1.6755376e-01	   3.2024018e-01	   2.8438265e-01	   3.4360056e-01	   5.1175043e-01	   2.1752945e-01	   3.4462864e-01	   3.0516332e-01	   1.9817235e-01	   2.9615882e-01	   2.5130007e-01	   2.5248494e-01	   4.5585065e-01	   2.0465239e-01	   1.1427350e-01	   5.2768158e-01	   2.2158577e-01	   2.0192776e-01	   3.0448892e-01	   5.1824466e-01	   5.0253356e-01	   3.0631598e-01	   3.4446412e-01	   2.9104353e-01	   6.9856520e-01	   3.6257022e-01	   1.4455999e-01	   3.6987692e-01	   3.8327071e-01	   2.8736422e-01	   2.5842821e-01	   4.5475562e-01	   2.4658400e-01	   2.3363038e-01	   5.5736230e-01	   4.9026368e-01	   5.1175043e-01	   2.0879861e-01	   2.3492765e-01	   2.1994924e-01	   1.1035125e-01	   3.8889957e-01	   5.7672613e-01	   6.9578600e-01	   7.2926530e-01	   4.2095608e-01	   1.4804712e-01	   5.6257270e-01	   2.3680688e-01	   2.3453777e-01	   5.1032444e-01	   2.9530202e-01	   4.4856798e-01	   3.0503349e-01	   2.0192776e-01	   2.0989478e-01	   2.0101927e-01	   2.2345189e-01	   4.1166075e-01	   6.4038437e-01	   3.2402888e-01	   1.1112219e-01	   3.0982318e-01	   2.4564326e-01	   2.6824729e-01	   1.6524296e-01	   5.2229835e-01	   5.6917703e-01	   2.6206031e-01	   3.4457909e-01	   1.5485206e-01	   2.8736422e-01	   2.1490136e-01	   4.5571279e-01	   1.8147808e-01	   4.1874213e-01	   3.2024018e-01	   2.3209940e-01	
   6.9596266e-02	   4.9614754e-01	   2.4673628e-01	   4.1099992e-01	   0.0000000e+00	   5.9273836e-01	   4.8864784e-01	   4.4722154e-01	   3.6035576e-01	   2.3370637e-01	   3.8401840e-01	   2.1809072e-01	   4.7466816e-01	   4.0884064e-01	   1.9832737e-01	   3.7579738e-01	   2.5633456e-01	   6.0886568e-02	   2.0473914e-01	   3.6217820e-01	   1.2740299e-01	   3.0414555e-01	   3.8433662e-01	   1.1961719e-01	   2.0813683e-01	   2.8745214e-01	   3.2343606e-01	   4.8335411e-01	   2.6366859e-01	   2.6803588e-01	   4.6139636e-01	   2.5970154e-01	   2.1773343e-01	   4.7814605e-01	   2.6188825e-01	   4.2893741e-01	   4.0343251e-01	   2.0785773e-01	   3.7279211e-01	   4.7720669e-01	   1.7433771e-01	   2.9235235e-01	   3.1221892e-01	   3.8191402e-01	   6.6231479e-01	   2.6913693e-01	   3.9551498e-01	   6.9558475e-01	   3.4605060e-01	   2.6727292e-01	   2.2880385e-01	   1.8444942e-01	   5.0571456e-01	   1.7154168e-01	   4.9756062e-01	   5.2604825e-01	   2.3047826e-01	   1.6182252e-01	   3.2343606e-01	   4.4266114e-01	   4.8297104e-01	   3.6208767e-01	   4.8703786e-01	   1.7229252e-01	   2.3067671e-01	   3.9263630e-01	   4.2554526e-01	   5.1424402e-02	   3.5042608e-01	   2.4775282e-01	   5.3886734e-01	   5.3413044e-01	   2.9592351e-01	   1.7682715e-01	   7.7163161e-02	   1.6513547e-01	   4.7720669e-01	   2.6458654e-01	   4.3226029e-01	   5.2295698e-01	   6.9596266e-02	   3.3339935e-01	   6.3528323e-01	   3.7018515e-01	   1.7533384e-01	   5.3499157e-01	   3.0535797e-01	   3.1029016e-01	   1.9555304e-01	   2.1281596e-01	   4.8864784e-01	   2.6927393e-01	   5.2968006e-01	   1.8444942e-01	   3.7807133e-01	   9.2344970e-02	   3.0200701e-01	   2.5749096e-01	   1.1961719e-01	   4.4176381e-01	
   5.9493505e-01	   2.9783064e-01	   7.1772597e-01	   2.7279670e-01	   5.9273836e-01	   0.0000000e+00	   3.0789052e-01	   2.5522645e-01	   3.3726906e-01	   7.5688385e-01	   3.9008668e-01	   7.0200501e-01	   2.4523700e-01	   4.1106472e-01	   7.0679764e-01	   3.1507799e-01	   4.4025387e-01	   5.9364562e-01	   4.5779422e-01	   3.4492578e-01	   6.6343887e-01	   8.0505751e-01	   2.8777984e-01	   4.9798596e-01	   4.9080807e-01	   5.0222087e-01	   6.7193298e-01	   1.4704265e-01	   5.0780353e-01	   4.9423181e-01	   1.7550514e-01	   4.4989369e-01	   4.4435352e-01	   2.9612423e-01	   6.4179913e-01	   2.2436391e-01	   2.8547568e-01	   7.2613905e-01	   3.2298386e-01	   1.3783164e-01	   4.7587813e-01	   6.9583802e-01	   6.6887879e-01	   4.3576318e-01	   2.5994337e-01	   4.8372982e-01	   8.7761600e-01	   2.6826002e-01	   3.5398632e-01	   5.4996469e-01	   5.7671784e-01	   4.6635073e-01	   2.7880182e-01	   6.5681531e-01	   2.6338092e-01	   2.3447952e-01	   7.5363111e-01	   6.8620655e-01	   6.7193298e-01	   2.1584635e-01	   2.4373689e-01	   3.2105596e-01	   2.3007787e-01	   5.9470541e-01	   7.6895307e-01	   8.7700021e-01	   9.0340906e-01	   6.0149517e-01	   3.5161101e-01	   7.6156250e-01	   2.1986228e-01	   7.7525203e-02	   6.8530323e-01	   4.6490448e-01	   6.3267838e-01	   4.9290618e-01	   1.3783164e-01	   4.1014157e-01	   2.0041700e-01	   8.2584275e-02	   5.9493505e-01	   8.3000777e-01	   2.5466925e-01	   3.1796290e-01	   4.8391192e-01	   2.4056105e-01	   4.4386141e-01	   3.8565645e-01	   7.1858853e-01	   7.5864228e-01	   3.0789052e-01	   4.7792031e-01	   2.0575737e-01	   4.6635073e-01	   3.0198892e-01	   6.3970358e-01	   3.6539045e-01	   5.7425766e-01	   4.9798596e-01	   2.6822692e-01	
   4.8322834e-01	   5.5401065e-02	   6.2765825e-01	   2.6206031e-01	   4.8864784e-01	   3.0789052e-01	   0.0000000e+00	   2.7824519e-01	   3.2174021e-01	   6.5087287e-01	   1.6325955e-01	   6.0437800e-01	   2.4033666e-01	   1.5745877e-01	   5.9947976e-01	   2.9469776e-01	   3.8268400e-01	   4.8670961e-01	   3.6424285e-01	   3.3112182e-01	   5.4251279e-01	   6.8870118e-01	   2.9022810e-01	   4.1586985e-01	   4.1620474e-01	   3.1637373e-01	   5.5151234e-01	   2.7942090e-01	   3.4131306e-01	   4.2284845e-01	   2.1560574e-01	   3.6747236e-01	   3.5522666e-01	   5.1437682e-02	   5.6140725e-01	   2.1384044e-01	   2.4913831e-01	   6.1177853e-01	   1.7556351e-01	   2.4545691e-01	   3.6993785e-01	   6.1470314e-01	   5.4723329e-01	   1.9201098e-01	   2.6848905e-01	   4.2252367e-01	   7.8516300e-01	   2.6639500e-01	   3.2256702e-01	   4.8950387e-01	   5.1119494e-01	   3.7269683e-01	   6.3046803e-02	   5.4821338e-01	   6.7917565e-02	   2.1208944e-01	   6.4965767e-01	   5.7396263e-01	   5.5151234e-01	   2.1025565e-01	   1.0748563e-01	   1.8842409e-01	   2.5956475e-01	   5.0314476e-01	   6.4941478e-01	   7.8000264e-01	   7.4416211e-01	   5.0253084e-01	   3.2703952e-01	   6.5823003e-01	   2.1207655e-01	   2.8378884e-01	   6.0794406e-01	   3.7150746e-01	   5.1209864e-01	   3.9702477e-01	   2.4545691e-01	   3.4202667e-01	   2.5718575e-01	   2.6086919e-01	   4.8322834e-01	   7.3026576e-01	   2.4581558e-01	   2.7243594e-01	   3.7237233e-01	   2.1579571e-01	   3.8592377e-01	   3.3095058e-01	   6.0769236e-01	   6.3963952e-01	   0.0000000e+00	   3.6035766e-01	   3.0817432e-01	   3.7269683e-01	   1.8844221e-01	   5.1552803e-01	   3.0153400e-01	   4.6897360e-01	   4.1586985e-01	   1.3268633e-01	
   4.4853296e-01	   2.7704231e-01	   5.5568839e-01	   8.3840038e-02	   4.4722154e-01	   2.5522645e-01	   2.7824519e-01	   0.0000000e+00	   1.4739522e-01	   5.9579198e-01	   3.0492152e-01	   5.3270667e-01	   2.1195737e-01	   3.2329877e-01	   5.4176953e-01	   9.8514151e-02	   2.5561417e-01	   4.4593383e-01	   3.1107276e-01	   1.5717224e-01	   5.1808782e-01	   6.4393240e-01	   1.7771328e-01	   3.5559370e-01	   3.1780821e-01	   3.7759774e-01	   5.3858210e-01	   2.1281275e-01	   3.7644926e-01	   3.2421009e-01	   2.0522226e-01	   3.2457643e-01	   2.9013161e-01	   2.6820400e-01	   4.8080543e-01	   2.1481871e-01	   1.4921428e-01	   5.6249622e-01	   2.4822927e-01	   2.0313500e-01	   3.4216443e-01	   5.4353406e-01	   5.2914598e-01	   3.3842942e-01	   3.3841126e-01	   3.1156198e-01	   7.2755039e-01	   3.5256538e-01	   1.5921862e-01	   3.8946990e-01	   4.1027476e-01	   3.2572120e-01	   2.7101836e-01	   4.8982327e-01	   2.5789646e-01	   2.3938278e-01	   5.9176277e-01	   5.2624166e-01	   5.3858210e-01	   2.1794662e-01	   2.4477984e-01	   2.4696869e-01	   9.4941402e-02	   4.2284037e-01	   6.1199172e-01	   7.2521955e-01	   7.6540547e-01	   4.5649893e-01	   1.6155641e-01	   5.9592150e-01	   2.3814134e-01	   2.2556007e-01	   5.3451263e-01	   3.3171326e-01	   4.8602154e-01	   3.4345741e-01	   2.0313500e-01	   2.4610992e-01	   2.0689276e-01	   2.1565008e-01	   4.4853296e-01	   6.7122925e-01	   3.2028922e-01	   1.5439711e-01	   3.4779679e-01	   2.5087030e-01	   2.8407989e-01	   1.8978926e-01	   5.5717478e-01	   6.0460284e-01	   2.7824519e-01	   3.7409608e-01	   1.1825048e-01	   3.2572120e-01	   2.3849097e-01	   4.9316938e-01	   2.1914665e-01	   4.4578218e-01	   3.5559370e-01	   2.4815772e-01	
   3.6046946e-01	   3.2249290e-01	   4.4829231e-01	   1.3646218e-01	   3.6035576e-01	   3.3726906e-01	   3.2174021e-01	   1.4739522e-01	   0.0000000e+00	   4.9359296e-01	   2.9849949e-01	   4.2786928e-01	   2.8353603e-01	   3.2250137e-01	   4.4352431e-01	   9.9225653e-02	   1.6178031e-01	   3.5951708e-01	   2.5516222e-01	   3.7179781e-02	   4.2844353e-01	   5.3663586e-01	   1.7314663e-01	   2.7944779e-01	   2.2859480e-01	   3.2118144e-01	   4.4167104e-01	   2.5941473e-01	   3.1310577e-01	   2.0588678e-01	   2.4483842e-01	   2.4929726e-01	   2.2983433e-01	   3.0982980e-01	   3.6613735e-01	   2.4549308e-01	   1.9447086e-01	   4.6496765e-01	   2.4699634e-01	   2.5124299e-01	   2.8403902e-01	   4.3189673e-01	   4.2982496e-01	   3.2475944e-01	   4.3644755e-01	   1.9627118e-01	   6.1681165e-01	   4.5083846e-01	   4.7069762e-02	   2.7527651e-01	   3.0020605e-01	   2.6656416e-01	   3.2362394e-01	   3.9236485e-01	   3.1066632e-01	   3.2165741e-01	   4.8988044e-01	   4.3195840e-01	   4.4167104e-01	   2.5233341e-01	   2.9292648e-01	   2.4110554e-01	   2.0727862e-01	   3.2802790e-01	   5.1315249e-01	   6.1492753e-01	   6.7232013e-01	   3.6762845e-01	   2.9636169e-02	   4.9210049e-01	   3.2517977e-01	   2.9377394e-01	   4.2208216e-01	   2.7458591e-01	   3.9984794e-01	   2.7488174e-01	   2.5124299e-01	   1.9207144e-01	   2.3013723e-01	   2.8257572e-01	   3.6046946e-01	   5.6202370e-01	   4.1501335e-01	   1.6941035e-01	   2.8981128e-01	   3.3429948e-01	   1.8637590e-01	   7.5661580e-02	   4.5957504e-01	   5.0772686e-01	   3.2174021e-01	   3.1139753e-01	   2.3434841e-01	   2.6656416e-01	   2.4088165e-01	   4.0292093e-01	   1.9416508e-01	   3.6754856e-01	   2.7944779e-01	   2.7516980e-01	
   2.3033894e-01	   6.5820305e-01	   1.2255025e-01	   5.6148267e-01	   2.3370637e-01	   7.5688385e-01	   6.5087287e-01	   5.9579198e-01	   4.9359296e-01	   0.0000000e+00	   5.3158110e-01	   1.2343871e-01	   6.4717189e-01	   5.5315691e-01	   1.0892473e-01	   5.1711403e-01	   3.7290934e-01	   2.2684930e-01	   3.6855432e-01	   4.9252638e-01	   2.1349523e-01	   1.3764321e-01	   5.2788474e-01	   3.0545190e-01	   3.1663268e-01	   4.0367960e-01	   3.2791545e-01	   6.4184169e-01	   3.7703299e-01	   3.5001265e-01	   6.2158211e-01	   3.7471082e-01	   3.7215585e-01	   6.4165013e-01	   2.4068877e-01	   5.9239605e-01	   5.6192526e-01	   8.6090746e-02	   5.2955239e-01	   6.3779286e-01	   3.6038609e-01	   2.3580687e-01	   3.1251190e-01	   5.2014680e-01	   8.3516419e-01	   3.5157604e-01	   2.4345933e-01	   8.6552724e-01	   4.7776452e-01	   3.1511917e-01	   2.5046979e-01	   3.5820008e-01	   6.7104505e-01	   1.5575797e-01	   6.6343887e-01	   6.9706677e-01	   4.9128652e-02	   1.3583010e-01	   3.2791545e-01	   6.0489872e-01	   6.4865292e-01	   5.1925711e-01	   6.4037478e-01	   2.1749177e-01	   1.0049774e-01	   2.4024855e-01	   3.4590649e-01	   2.2136374e-01	   4.8069036e-01	   7.4917736e-02	   7.1021872e-01	   6.9662279e-01	   2.4841629e-01	   3.6227247e-01	   2.2394954e-01	   3.2666549e-01	   6.3779286e-01	   4.0916960e-01	   5.8858035e-01	   6.8599352e-01	   2.3033894e-01	   1.5801731e-01	   8.0805256e-01	   5.2188760e-01	   3.5720531e-01	   7.0688073e-01	   4.0496169e-01	   4.3746352e-01	   9.1729058e-02	   1.1525543e-01	   6.5087287e-01	   3.8761721e-01	   6.8321916e-01	   3.5820008e-01	   5.3674403e-01	   2.1263617e-01	   4.5870634e-01	   3.2672611e-01	   3.0545190e-01	   6.0393260e-01	
   3.7618428e-01	   1.7499072e-01	   5.1425863e-01	   2.7464062e-01	   3.8401840e-01	   3.9008668e-01	   1.6325955e-01	   3.0492152e-01	   2.9849949e-01	   5.3158110e-01	   0.0000000e+00	   4.8910607e-01	   2.9760353e-01	   7.0821955e-02	   4.8410806e-01	   2.8014834e-01	   3.1535099e-01	   3.7966848e-01	   2.8112423e-01	   3.0726656e-01	   4.2710401e-01	   5.6558149e-01	   2.6303840e-01	   3.2908803e-01	   3.3123936e-01	   1.9985734e-01	   4.3364846e-01	   3.1505631e-01	   2.2520553e-01	   3.3828409e-01	   2.4971880e-01	   2.6713746e-01	   2.7452870e-01	   1.6370656e-01	   4.5407027e-01	   2.2293781e-01	   2.6463042e-01	   4.9397886e-01	   1.0998549e-01	   2.8708363e-01	   2.8971229e-01	   5.0268982e-01	   4.2755471e-01	   6.7382494e-02	   3.9157903e-01	   3.3996170e-01	   6.6354695e-01	   4.0136696e-01	   2.9219112e-01	   3.9840543e-01	   4.1419465e-01	   2.8986312e-01	   1.9811720e-01	   4.3454211e-01	   1.9145886e-01	   2.9742907e-01	   5.3167488e-01	   4.5865571e-01	   4.3364846e-01	   2.2988484e-01	   1.9629554e-01	   1.1999343e-01	   3.0855305e-01	   4.0037710e-01	   5.3002937e-01	   6.5745137e-01	   6.0859192e-01	   3.9724661e-01	   2.9764943e-01	   5.3951207e-01	   3.0410513e-01	   3.4601507e-01	   4.9703324e-01	   2.9379021e-01	   4.0179213e-01	   3.0509170e-01	   2.8708363e-01	   2.8182547e-01	   2.6739044e-01	   3.2370834e-01	   3.7618428e-01	   6.0808447e-01	   3.6568565e-01	   2.6301504e-01	   2.8976651e-01	   3.0309056e-01	   3.1001050e-01	   2.8064279e-01	   4.9146165e-01	   5.2027152e-01	   1.6325955e-01	   2.4652028e-01	   3.6539979e-01	   2.8986312e-01	   1.3885848e-01	   4.0252239e-01	   2.5758113e-01	   3.5623462e-01	   3.2908803e-01	   1.7293350e-01	
   2.1653188e-01	   6.1115305e-01	   1.0053851e-01	   5.0061362e-01	   2.1809072e-01	   7.0200501e-01	   6.0437800e-01	   5.3270667e-01	   4.2786928e-01	   1.2343871e-01	   4.8910607e-01	   0.0000000e+00	   5.9221501e-01	   5.1183050e-01	   8.9429340e-02	   4.5413494e-01	   3.0251315e-01	   2.0890980e-01	   3.2139401e-01	   4.2694887e-01	   2.2680715e-01	   1.7201084e-01	   4.6952376e-01	   2.6947423e-01	   2.4702676e-01	   3.7028292e-01	   3.0986727e-01	   5.8937351e-01	   3.4225224e-01	   2.8488175e-01	   5.6908463e-01	   3.2690583e-01	   3.1776737e-01	   5.9475135e-01	   1.8099950e-01	   5.4344233e-01	   5.0402901e-01	   1.1638761e-01	   4.8304740e-01	   5.8455985e-01	   3.2652329e-01	   2.0118228e-01	   2.9028928e-01	   4.8084521e-01	   7.8054970e-01	   2.8232182e-01	   2.6989968e-01	   8.1095149e-01	   4.1300241e-01	   2.5378540e-01	   1.6898247e-01	   3.1730709e-01	   6.2410306e-01	   1.0004821e-01	   6.1537829e-01	   6.4220019e-01	   1.1669820e-01	   1.3358407e-01	   3.0986727e-01	   5.5704239e-01	   6.0002978e-01	   4.7340317e-01	   5.8033618e-01	   1.4628827e-01	   1.6946678e-01	   2.6732914e-01	   3.7791052e-01	   2.0877244e-01	   4.1466103e-01	   9.7615731e-02	   6.5487942e-01	   6.4236926e-01	   2.1332881e-01	   3.2743815e-01	   2.2027504e-01	   2.8345412e-01	   5.8455985e-01	   3.4728192e-01	   5.3686617e-01	   6.3206817e-01	   2.1653188e-01	   1.8670907e-01	   7.5364470e-01	   4.6176331e-01	   3.2367669e-01	   6.5244599e-01	   3.4223029e-01	   3.7287454e-01	   1.1635239e-01	   1.8298098e-01	   6.0437800e-01	   3.5567628e-01	   6.2049008e-01	   3.1730709e-01	   4.8977865e-01	   2.1287051e-01	   4.0089533e-01	   3.0357914e-01	   2.6947423e-01	   5.5677381e-01	
   4.7693325e-01	   2.4112820e-01	   6.1870990e-01	   2.0062817e-01	   4.7466816e-01	   2.4523700e-01	   2.4033666e-01	   2.1195737e-01	   2.8353603e-01	   6.4717189e-01	   2.9760353e-01	   5.9221501e-01	   0.0000000e+00	   3.1095418e-01	   5.8857455e-01	   2.4459003e-01	   3.3776685e-01	   4.7549334e-01	   3.1882307e-01	   2.9632251e-01	   5.4907356e-01	   7.0277317e-01	   2.6421974e-01	   3.8281604e-01	   3.7520444e-01	   4.0218800e-01	   6.0784070e-01	   2.2836763e-01	   4.0842280e-01	   4.2629250e-01	   2.2093446e-01	   3.9239966e-01	   3.0708424e-01	   2.3208763e-01	   5.6280575e-01	   2.1301163e-01	   1.5112444e-01	   6.0986543e-01	   2.4872952e-01	   2.1488547e-01	   3.4055583e-01	   6.2085320e-01	   6.0143839e-01	   3.3279654e-01	   2.3011052e-01	   4.1280889e-01	   7.9162289e-01	   2.9117022e-01	   2.8865424e-01	   4.8436617e-01	   4.8708413e-01	   3.3174620e-01	   2.2274473e-01	   5.3677075e-01	   2.1813143e-01	   9.7475700e-02	   6.4256805e-01	   5.6399616e-01	   6.0784070e-01	   2.1582420e-01	   2.1992440e-01	   2.5007955e-01	   1.9309634e-01	   4.7549621e-01	   6.5377615e-01	   7.8915416e-01	   7.9866696e-01	   4.8723554e-01	   2.9594197e-01	   6.5141619e-01	   1.0867363e-01	   2.2318582e-01	   6.1364783e-01	   3.3368397e-01	   5.0980090e-01	   3.6212351e-01	   2.1488547e-01	   2.7886795e-01	   2.3391961e-01	   2.1628888e-01	   4.7693325e-01	   7.3311175e-01	   2.0949417e-01	   1.9135181e-01	   3.4549161e-01	   1.0618792e-01	   3.9370808e-01	   3.0830726e-01	   6.0147359e-01	   6.4276147e-01	   2.4033666e-01	   4.0842112e-01	   2.1458013e-01	   3.3174620e-01	   2.3981606e-01	   5.2072552e-01	   2.2303888e-01	   4.9936238e-01	   3.8281604e-01	   2.3364792e-01	
   3.9959848e-01	   1.7174461e-01	   5.3722607e-01	   2.9368558e-01	   4.0884064e-01	   4.1106472e-01	   1.5745877e-01	   3.2329877e-01	   3.2250137e-01	   5.5315691e-01	   7.0821955e-02	   5.1183050e-01	   3.1095418e-01	   0.0000000e+00	   5.0541601e-01	   3.0370285e-01	   3.4145110e-01	   4.0456854e-01	   3.0820534e-01	   3.3096709e-01	   4.4879022e-01	   5.8504568e-01	   2.9555170e-01	   3.5654124e-01	   3.5889724e-01	   2.1995234e-01	   4.5677563e-01	   3.4738417e-01	   2.5042070e-01	   3.6499771e-01	   2.7639813e-01	   3.0203188e-01	   3.0311309e-01	   1.6399000e-01	   4.7903510e-01	   2.6284360e-01	   2.8145444e-01	   5.1410854e-01	   1.5402509e-01	   3.1621394e-01	   3.1276967e-01	   5.2783946e-01	   4.5079756e-01	   6.2590173e-02	   3.8966976e-01	   3.6870439e-01	   6.8594473e-01	   3.9310046e-01	   3.1553069e-01	   4.2528679e-01	   4.4162774e-01	   3.1708963e-01	   1.9387291e-01	   4.5699686e-01	   1.9477616e-01	   3.0526626e-01	   5.5322975e-01	   4.7986131e-01	   4.5677563e-01	   2.6730870e-01	   2.1045370e-01	   1.6746406e-01	   3.2178478e-01	   4.2423683e-01	   5.4795419e-01	   6.7901876e-01	   6.2520735e-01	   4.2233613e-01	   3.2182086e-01	   5.6084128e-01	   3.1142385e-01	   3.7159386e-01	   5.2312673e-01	   3.1944155e-01	   4.2353595e-01	   3.3257893e-01	   3.1621394e-01	   3.0899101e-01	   3.0294631e-01	   3.4830698e-01	   3.9959848e-01	   6.2975483e-01	   3.6445092e-01	   2.8358180e-01	   3.1181835e-01	   3.1063554e-01	   3.3939067e-01	   3.0543177e-01	   5.1204795e-01	   5.3931962e-01	   1.5745877e-01	   2.8920736e-01	   3.8250191e-01	   3.1708963e-01	   1.8619259e-01	   4.2324237e-01	   2.8426255e-01	   3.9062206e-01	   3.5654124e-01	   1.9665358e-01	
   2.0188378e-01	   6.0700754e-01	   1.3850883e-01	   5.0705115e-01	   1.9832737e-01	   7.0679764e-01	   5.9947976e-01	   5.4176953e-01	   4.4352431e-01	   1.0892473e-01	   4.8410806e-01	   8.9429340e-02	   5.8857455e-01	   5.0541601e-01	   0.0000000e+00	   4.6490889e-01	   3.1703147e-01	   1.8809759e-01	   3.1346548e-01	   4.4428743e-01	   2.0575405e-01	   1.8933530e-01	   4.8009752e-01	   2.5725744e-01	   2.5336793e-01	   3.6535306e-01	   3.2827765e-01	   5.9550762e-01	   3.3867957e-01	   3.1435316e-01	   5.7322798e-01	   3.3832446e-01	   3.1505414e-01	   5.9010195e-01	   2.2875310e-01	   5.4443551e-01	   5.0486167e-01	   6.9713927e-02	   4.8210058e-01	   5.8919039e-01	   3.0750208e-01	   2.4629023e-01	   3.1123738e-01	   4.7423343e-01	   7.7734503e-01	   3.1220142e-01	   2.9912118e-01	   8.1009285e-01	   4.2784533e-01	   2.9037632e-01	   2.0946809e-01	   3.0301844e-01	   6.1949094e-01	   8.1233487e-02	   6.1182654e-01	   6.3889808e-01	   9.3768794e-02	   8.4205816e-02	   3.2827765e-01	   5.5755342e-01	   5.9784381e-01	   4.7245438e-01	   5.8566057e-01	   1.4568476e-01	   1.3533140e-01	   2.9566028e-01	   3.7436800e-01	   1.9162288e-01	   4.3143632e-01	   9.8984454e-02	   6.5230780e-01	   6.4735233e-01	   2.5556607e-01	   3.0920755e-01	   1.9293357e-01	   2.7204709e-01	   5.8919039e-01	   3.4947955e-01	   5.4288152e-01	   6.3657415e-01	   2.0188378e-01	   2.1252372e-01	   7.5032514e-01	   4.6437238e-01	   3.0369161e-01	   6.4833697e-01	   3.6539605e-01	   3.8811553e-01	   6.2829774e-02	   1.4471109e-01	   5.9947976e-01	   3.5567435e-01	   6.2815315e-01	   3.0301844e-01	   4.8943410e-01	   1.9383767e-01	   4.0050160e-01	   3.0636280e-01	   2.5725744e-01	   5.5514857e-01	
   3.7566286e-01	   2.9652527e-01	   4.7706211e-01	   8.9642921e-02	   3.7579738e-01	   3.1507799e-01	   2.9469776e-01	   9.8514151e-02	   9.9225653e-02	   5.1711403e-01	   2.8014834e-01	   4.5413494e-01	   2.4459003e-01	   3.0370285e-01	   4.6490889e-01	   0.0000000e+00	   1.8405651e-01	   3.7363207e-01	   2.5021061e-01	   1.0906258e-01	   4.4425207e-01	   5.6406397e-01	   1.5773179e-01	   2.8894984e-01	   2.4528990e-01	   3.2206907e-01	   4.6921529e-01	   2.4101204e-01	   3.1653775e-01	   2.5349729e-01	   2.2652994e-01	   2.6049716e-01	   2.2626447e-01	   2.8398371e-01	   4.0554312e-01	   2.2173674e-01	   1.5389645e-01	   4.8555759e-01	   2.2683425e-01	   2.3196400e-01	   2.8581759e-01	   4.6879153e-01	   4.5818641e-01	   3.0842022e-01	   3.9896902e-01	   2.3973630e-01	   6.4862660e-01	   4.1746309e-01	   9.8839452e-02	   3.1966170e-01	   3.3563497e-01	   2.6528000e-01	   2.9621878e-01	   4.1324708e-01	   2.8307800e-01	   2.8186908e-01	   5.1363273e-01	   4.5064148e-01	   4.6921529e-01	   2.2901270e-01	   2.6775035e-01	   2.2250851e-01	   1.5970260e-01	   3.4776341e-01	   5.3484346e-01	   6.4610197e-01	   6.8865357e-01	   3.8444678e-01	   1.0867992e-01	   5.1719987e-01	   2.8622114e-01	   2.7185121e-01	   4.6044210e-01	   2.7534597e-01	   4.1442543e-01	   2.7671424e-01	   2.3196400e-01	   1.8556796e-01	   2.1395220e-01	   2.6120409e-01	   3.7566286e-01	   5.9173507e-01	   3.7738968e-01	   1.3321032e-01	   2.9083225e-01	   2.9441025e-01	   2.2062822e-01	   1.1727616e-01	   4.8031654e-01	   5.2814990e-01	   2.9469776e-01	   3.1502596e-01	   1.9654936e-01	   2.6528000e-01	   2.2045789e-01	   4.1956172e-01	   1.7597150e-01	   3.7852989e-01	   2.8894984e-01	   2.5573438e-01	
   2.5872667e-01	   3.8736516e-01	   3.3171737e-01	   2.2302357e-01	   2.5633456e-01	   4.4025387e-01	   3.8268400e-01	   2.5561417e-01	   1.6178031e-01	   3.7290934e-01	   3.1535099e-01	   3.0251315e-01	   3.3776685e-01	   3.4145110e-01	   3.1703147e-01	   1.8405651e-01	   0.0000000e+00	   2.5325199e-01	   1.7935440e-01	   1.6838324e-01	   3.2895934e-01	   4.2331820e-01	   2.3505553e-01	   1.8850019e-01	   9.8708076e-02	   2.8383216e-01	   3.7995439e-01	   3.4406139e-01	   2.6621035e-01	   1.6792428e-01	   3.2755702e-01	   2.1494585e-01	   1.4862265e-01	   3.7173535e-01	   2.7605198e-01	   3.0966443e-01	   2.3601532e-01	   3.4302762e-01	   2.7821819e-01	   3.3689017e-01	   2.1327758e-01	   3.4319085e-01	   3.6450151e-01	   3.2860412e-01	   5.2006144e-01	   1.4848473e-01	   5.1244927e-01	   5.4790308e-01	   1.5125544e-01	   2.1459923e-01	   1.9406656e-01	   1.9056856e-01	   3.9285715e-01	   2.6535465e-01	   3.8225007e-01	   3.8704061e-01	   3.6706325e-01	   3.0969310e-01	   3.7995439e-01	   3.2121121e-01	   3.6662388e-01	   2.7002364e-01	   3.0419270e-01	   1.9666052e-01	   3.9681656e-01	   5.1009152e-01	   5.7437658e-01	   2.6352350e-01	   1.5425550e-01	   3.6861917e-01	   3.9700240e-01	   3.8694355e-01	   3.3821544e-01	   2.0640362e-01	   2.9417121e-01	   1.8230040e-01	   3.3689017e-01	   1.2146427e-01	   3.0200701e-01	   3.7722495e-01	   2.5872667e-01	   4.4774657e-01	   4.9551668e-01	   1.9261826e-01	   2.1762989e-01	   3.9876869e-01	   1.8901398e-01	   1.2061224e-01	   3.3689625e-01	   3.9234222e-01	   3.8268400e-01	   2.7326197e-01	   3.4199273e-01	   1.9056856e-01	   2.7898304e-01	   2.9886992e-01	   1.6647418e-01	   3.0393215e-01	   1.8850019e-01	   3.3612908e-01	
   8.8946907e-02	   4.9442938e-01	   2.4051846e-01	   4.0934482e-01	   6.0886568e-02	   5.9364562e-01	   4.8670961e-01	   4.4593383e-01	   3.5951708e-01	   2.2684930e-01	   3.7966848e-01	   2.0890980e-01	   4.7549334e-01	   4.0456854e-01	   1.8809759e-01	   3.7363207e-01	   2.5325199e-01	   0.0000000e+00	   1.9696590e-01	   3.6171401e-01	   1.4351683e-01	   2.9789713e-01	   3.8222327e-01	   1.1249657e-01	   2.0057710e-01	   2.8036523e-01	   3.1385089e-01	   4.8388793e-01	   2.5848899e-01	   2.6337832e-01	   4.5999393e-01	   2.5359156e-01	   2.1229543e-01	   4.7692466e-01	   2.5585720e-01	   4.2890238e-01	   4.0209629e-01	   1.9858892e-01	   3.7043598e-01	   4.7685162e-01	   1.7033506e-01	   2.8717640e-01	   3.0286965e-01	   3.7647465e-01	   6.6286728e-01	   2.6348462e-01	   3.9066053e-01	   6.9550030e-01	   3.4465837e-01	   2.6246135e-01	   2.2392819e-01	   1.7629334e-01	   5.0500910e-01	   1.5778807e-01	   4.9671435e-01	   5.2625853e-01	   2.2349773e-01	   1.5091189e-01	   3.1385089e-01	   4.4259633e-01	   4.8251832e-01	   3.5999927e-01	   4.8654119e-01	   1.6194487e-01	   2.2723434e-01	   3.8744273e-01	   4.1852841e-01	   7.8348937e-02	   3.4935641e-01	   2.4095536e-01	   5.3917650e-01	   5.3483580e-01	   2.9104588e-01	   1.7289795e-01	   7.7973203e-02	   1.5364328e-01	   4.7685162e-01	   2.6067015e-01	   4.3196631e-01	   5.2335907e-01	   8.8946907e-02	   3.2771753e-01	   6.3553905e-01	   3.6787174e-01	   1.6831428e-01	   5.3515240e-01	   2.9986916e-01	   3.0807679e-01	   1.8732625e-01	   2.1200569e-01	   4.8670961e-01	   2.6122501e-01	   5.2952789e-01	   1.7629334e-01	   3.7621333e-01	   1.0770780e-01	   2.9864131e-01	   2.5110976e-01	   1.1249657e-01	   4.4081044e-01	
   2.1159617e-01	   3.7075665e-01	   3.5739073e-01	   2.7238831e-01	   2.0473914e-01	   4.5779422e-01	   3.6424285e-01	   3.1107276e-01	   2.5516222e-01	   3.6855432e-01	   2.8112423e-01	   3.2139401e-01	   3.1882307e-01	   3.0820534e-01	   3.1346548e-01	   2.5021061e-01	   1.7935440e-01	   1.9696590e-01	   0.0000000e+00	   2.6300205e-01	   2.8162183e-01	   4.3142366e-01	   2.6562219e-01	   1.3502320e-01	   1.5505481e-01	   2.4816323e-01	   3.7934275e-01	   3.5926433e-01	   2.3797494e-01	   2.4819075e-01	   3.3412169e-01	   2.1775539e-01	   7.7534013e-02	   3.5318279e-01	   3.2582602e-01	   3.0513199e-01	   2.5192167e-01	   3.3447105e-01	   2.5731850e-01	   3.4806964e-01	   1.2193568e-01	   3.7772794e-01	   3.6915979e-01	   2.9084869e-01	   5.1333612e-01	   2.3883151e-01	   5.2361348e-01	   5.5134513e-01	   2.4315617e-01	   2.8311660e-01	   2.6152028e-01	   6.9212488e-02	   3.7754166e-01	   2.6167954e-01	   3.6833188e-01	   3.7398104e-01	   3.6486109e-01	   2.8480982e-01	   3.7934275e-01	   3.1896228e-01	   3.5667147e-01	   2.4853998e-01	   3.4562798e-01	   2.1628888e-01	   3.7754709e-01	   5.2003386e-01	   5.3469915e-01	   2.1885662e-01	   2.5010413e-01	   3.7543736e-01	   3.8696296e-01	   4.0216252e-01	   3.7523902e-01	   1.1686780e-01	   2.3352219e-01	   6.8826569e-02	   3.4806964e-01	   1.3439452e-01	   3.1253375e-01	   3.9093491e-01	   2.1159617e-01	   4.6100985e-01	   4.8683729e-01	   2.2152411e-01	   1.1782811e-01	   3.8365720e-01	   2.5515687e-01	   2.1504750e-01	   3.2488770e-01	   3.6777333e-01	   3.6424285e-01	   2.3680976e-01	   3.8784267e-01	   6.9212488e-02	   2.6082468e-01	   2.5006317e-01	   1.4797791e-01	   2.8327577e-01	   1.3502320e-01	   3.2291407e-01	
   3.6157048e-01	   3.3140015e-01	   4.4546799e-01	   1.5163426e-01	   3.6217820e-01	   3.4492578e-01	   3.3112182e-01	   1.5717224e-01	   3.7179781e-02	   4.9252638e-01	   3.0726656e-01	   4.2694887e-01	   2.9632251e-01	   3.3096709e-01	   4.4428743e-01	   1.0906258e-01	   1.6838324e-01	   3.6171401e-01	   2.6300205e-01	   0.0000000e+00	   4.2899791e-01	   5.3359570e-01	   1.8050074e-01	   2.8320584e-01	   2.3483169e-01	   3.2578410e-01	   4.3883835e-01	   2.6752323e-01	   3.1663268e-01	   1.9839968e-01	   2.5367773e-01	   2.5235777e-01	   2.3893729e-01	   3.1918061e-01	   3.6002014e-01	   2.5564356e-01	   2.0983620e-01	   4.6531417e-01	   2.5657691e-01	   2.6002218e-01	   2.9059028e-01	   4.2676487e-01	   4.2631173e-01	   3.3295452e-01	   4.4702907e-01	   1.9022778e-01	   6.1199842e-01	   4.5975482e-01	   5.0269254e-02	   2.6790335e-01	   2.9701775e-01	   2.7373893e-01	   3.3305092e-01	   3.9414672e-01	   3.2007378e-01	   3.3389676e-01	   4.8923033e-01	   4.3406562e-01	   4.3883835e-01	   2.6227133e-01	   3.0249283e-01	   2.5039888e-01	   2.1823160e-01	   3.3125998e-01	   5.1270510e-01	   6.1031657e-01	   6.7247655e-01	   3.6878218e-01	   3.9754222e-02	   4.9096668e-01	   3.3721438e-01	   3.0214040e-01	   4.1664920e-01	   2.8091036e-01	   4.0212686e-01	   2.8062576e-01	   2.6002218e-01	   2.0390348e-01	   2.3876001e-01	   2.9115145e-01	   3.6157048e-01	   5.5829035e-01	   4.2590942e-01	   1.8624027e-01	   2.9610116e-01	   3.4676234e-01	   1.7945338e-01	   8.3341642e-02	   4.6027001e-01	   5.0766767e-01	   3.3112182e-01	   3.1562376e-01	   2.4335551e-01	   2.7373893e-01	   2.5046160e-01	   4.0375403e-01	   2.0704785e-01	   3.6979382e-01	   2.8320584e-01	   2.8441147e-01	
   1.0958112e-01	   5.5040537e-01	   2.4308594e-01	   4.8177322e-01	   1.2740299e-01	   6.6343887e-01	   5.4251279e-01	   5.1808782e-01	   4.2844353e-01	   2.1349523e-01	   4.2710401e-01	   2.2680715e-01	   5.4907356e-01	   4.4879022e-01	   2.0575405e-01	   4.4425207e-01	   3.2895934e-01	   1.4351683e-01	   2.8162183e-01	   4.2899791e-01	   0.0000000e+00	   2.6854247e-01	   4.4926933e-01	   2.1515545e-01	   2.8188604e-01	   3.1176359e-01	   3.1106398e-01	   5.5108742e-01	   2.8754004e-01	   3.1579898e-01	   5.2541689e-01	   2.9946804e-01	   2.9491553e-01	   5.3320645e-01	   2.7972138e-01	   4.9231279e-01	   4.7618372e-01	   2.0138587e-01	   4.2680327e-01	   5.4409168e-01	   2.5652100e-01	   2.9408297e-01	   3.0068115e-01	   4.1752362e-01	   7.3015071e-01	   3.2300712e-01	   3.6088416e-01	   7.5931538e-01	   4.1261196e-01	   3.0619110e-01	   2.7581932e-01	   2.6553218e-01	   5.6277055e-01	   1.9841000e-01	   5.5571542e-01	   5.9668430e-01	   2.1596023e-01	   1.7865236e-01	   3.1106398e-01	   5.0504291e-01	   5.4187793e-01	   4.1610628e-01	   5.5838943e-01	   2.2811328e-01	   1.9623290e-01	   3.5673274e-01	   3.6216311e-01	   1.1278761e-01	   4.1694743e-01	   2.3199344e-01	   6.0968959e-01	   6.0423560e-01	   3.0060164e-01	   2.5978568e-01	   1.2576820e-01	   2.4464587e-01	   5.4409168e-01	   3.4190285e-01	   4.9670060e-01	   5.9173045e-01	   1.0958112e-01	   3.0178530e-01	   7.0289658e-01	   4.4329943e-01	   2.5632124e-01	   6.0505339e-01	   3.5580299e-01	   3.7474909e-01	   1.9366848e-01	   1.8037204e-01	   5.4251279e-01	   2.9871677e-01	   6.0428759e-01	   2.6553218e-01	   4.3383426e-01	   8.7803146e-02	   3.7807494e-01	   2.6776055e-01	   2.1515545e-01	   4.9827251e-01	
   2.9237571e-01	   6.9549539e-01	   1.2718838e-01	   6.1144018e-01	   3.0414555e-01	   8.0505751e-01	   6.8870118e-01	   6.4393240e-01	   5.3663586e-01	   1.3764321e-01	   5.6558149e-01	   1.7201084e-01	   7.0277317e-01	   5.8504568e-01	   1.8933530e-01	   5.6406397e-01	   4.2331820e-01	   2.9789713e-01	   4.3142366e-01	   5.3359570e-01	   2.6854247e-01	   0.0000000e+00	   5.7479141e-01	   3.7515347e-01	   3.7332851e-01	   4.2946571e-01	   3.1153129e-01	   6.8862878e-01	   4.0299211e-01	   3.7541007e-01	   6.6640424e-01	   4.0984838e-01	   4.3030932e-01	   6.8027889e-01	   2.4143107e-01	   6.3848531e-01	   6.1566124e-01	   1.7413780e-01	   5.6935580e-01	   6.8398845e-01	   4.2584848e-01	   2.1666116e-01	   2.9724301e-01	   5.5051827e-01	   8.8392564e-01	   3.8154724e-01	   1.7726692e-01	   9.0909439e-01	   5.2072552e-01	   3.3298734e-01	   2.8502795e-01	   4.2454421e-01	   7.1103853e-01	   2.2525708e-01	   7.0343370e-01	   7.4897860e-01	   1.4973972e-01	   2.1973177e-01	   3.1153129e-01	   6.5082040e-01	   6.8848297e-01	   5.5977350e-01	   6.9063620e-01	   2.8345171e-01	   1.7345403e-01	   1.7189566e-01	   3.2435752e-01	   2.9117256e-01	   5.2265913e-01	   1.4102053e-01	   7.6158043e-01	   7.4412356e-01	   2.3426096e-01	   4.2991552e-01	   2.8997620e-01	   3.9170982e-01	   6.8398845e-01	   4.6499703e-01	   6.3347347e-01	   7.3294404e-01	   2.9237571e-01	   9.2204341e-02	   8.5668140e-01	   5.7571391e-01	   4.2269821e-01	   7.5900320e-01	   4.3422136e-01	   4.7999081e-01	   1.8281668e-01	   1.9411231e-01	   6.8870118e-01	   4.1776238e-01	   7.3483599e-01	   4.2454421e-01	   5.7849265e-01	   2.6932465e-01	   5.1384145e-01	   3.4660671e-01	   3.7515347e-01	   6.4313432e-01	
   3.8420510e-01	   2.9336681e-01	   4.9155058e-01	   1.6755376e-01	   3.8433662e-01	   2.8777984e-01	   2.9022810e-01	   1.7771328e-01	   1.7314663e-01	   5.2788474e-01	   2.6303840e-01	   4.6952376e-01	   2.6421974e-01	   2.9555170e-01	   4.8009752e-01	   1.5773179e-01	   2.3505553e-01	   3.8222327e-01	   2.6562219e-01	   1.8050074e-01	   4.4926933e-01	   5.7479141e-01	   0.0000000e+00	   3.0388046e-01	   2.7695354e-01	   3.1747709e-01	   4.4881000e-01	   2.0602605e-01	   3.1612322e-01	   2.7262139e-01	   1.7165710e-01	   2.0927563e-01	   2.4728651e-01	   2.8212581e-01	   4.1490637e-01	   1.9708722e-01	   2.0250192e-01	   4.9889441e-01	   2.0683993e-01	   1.9149453e-01	   2.9846517e-01	   4.7218832e-01	   4.3824655e-01	   2.9597197e-01	   3.9955062e-01	   2.6441354e-01	   6.5351702e-01	   4.1668690e-01	   1.7730929e-01	   3.3276370e-01	   3.5765053e-01	   2.7768252e-01	   2.9741529e-01	   4.2919846e-01	   2.7945023e-01	   2.9064903e-01	   5.2595216e-01	   4.6085575e-01	   4.4881000e-01	   2.0589673e-01	   2.5945948e-01	   1.9959062e-01	   2.1015168e-01	   3.7077322e-01	   5.4401510e-01	   6.5128617e-01	   6.7683967e-01	   3.9172202e-01	   1.7649468e-01	   5.3057544e-01	   2.9257887e-01	   2.3861694e-01	   4.6280044e-01	   2.8737135e-01	   4.2177623e-01	   2.9020692e-01	   1.9149453e-01	   2.2444000e-01	   1.7041924e-01	   2.2689446e-01	   3.8420510e-01	   5.9999221e-01	   3.7832956e-01	   1.9092661e-01	   3.0425556e-01	   3.0100806e-01	   2.1074881e-01	   1.8524011e-01	   4.9292281e-01	   5.3511028e-01	   2.9022810e-01	   2.8934666e-01	   2.3226413e-01	   2.7768252e-01	   1.9416859e-01	   4.2619636e-01	   2.0495252e-01	   3.6675239e-01	   3.0388046e-01	   2.4193408e-01	
