   0.0000000e+00	   9.7451843e-01	   4.8113202e-01	   6.3056039e-01	   4.4850241e-01	   6.6275332e-01	   7.4017681e-01	   5.5804024e-01	   5.7629479e-01	   5.1688478e-01	   7.1511731e-01	   5.0615298e-01	   5.2394287e-01	   6.4666213e-01	   5.1881393e-01	   5.9133244e-01	   6.0066161e-01	   5.5213200e-01	   6.3540676e-01	   5.7242959e-01	   2.5760154e-01	   4.8889255e-01	   6.2825170e-01	   4.0504298e-01	   6.4190075e-01	   7.7711469e-01	   5.5035633e-01	   6.0025827e-01	   6.4289038e-01	   6.0646313e-01	   5.5570264e-01	   6.4089384e-01	   6.7622830e-01	   7.7331371e-01	   5.0527501e-01	   7.4952473e-01	   5.6645766e-01	   4.4958108e-01	   8.2627979e-01	   6.8756393e-01	   4.4841240e-01	   5.4828051e-01	   5.3358042e-01	   6.5634266e-01	   6.0118218e-01	   7.1258696e-01	   5.5660985e-01	   5.6606562e-01	   5.9546477e-01	   5.7117660e-01	   5.5035633e-01	   6.7152628e-01	   7.9907412e-01	   6.7376158e-01	   8.4405337e-01	   5.9843992e-01	   5.1200053e-01	   4.9600312e-01	   5.5035633e-01	   7.0927975e-01	   7.6548377e-01	   7.4117137e-01	   5.4809643e-01	   5.4723043e-01	   4.3490930e-01	   6.0170229e-01	   8.8996867e-01	   2.6179804e-01	   5.9955179e-01	   5.2019306e-01	   5.2936533e-01	   8.1017316e-01	   5.6615474e-01	   4.9839801e-01	   5.4590112e-01	   5.5679112e-01	   6.8756393e-01	   6.7125574e-01	   7.6158500e-01	   9.1527940e-01	   0.0000000e+00	   5.8325680e-01	   5.8457021e-01	   6.8552086e-01	   6.9641557e-01	   5.5642853e-01	   5.4172601e-01	   6.7347696e-01	   4.9320802e-01	   4.1921978e-01	   7.4017681e-01	   7.4080368e-01	   5.6713420e-01	   6.7152628e-01	   7.4262674e-01	   3.6947440e-01	   7.4917460e-01	   6.7515302e-01	   4.0504298e-01	   8.0558907e-01	
   9.7451843e-01	   0.0000000e+00	   8.3329667e-01	   5.6058414e-01	   6.0581386e-01	   4.4509204e-01	   3.5407746e-01	   7.0495575e-01	   7.8026372e-01	   7.4211021e-01	   4.2255239e-01	   8.1693315e-01	   6.4666213e-01	   7.5400804e-01	   6.6008341e-01	   7.1216200e-01	   6.3091237e-01	   4.9955075e-01	   4.5913117e-01	   8.0988664e-01	   8.9457159e-01	   7.9870781e-01	   6.9927870e-01	   6.7033810e-01	   5.3680462e-01	   3.7851330e-01	   6.2727115e-01	   7.0325027e-01	   6.4605326e-01	   8.0126844e-01	   5.4908972e-01	   6.9122331e-01	   4.4712784e-01	   2.7733331e-01	   8.7642941e-01	   4.1941230e-01	   6.4851644e-01	   8.3599278e-01	   3.4027103e-01	   3.8780998e-01	   8.0281599e-01	   9.3627293e-01	   7.7169392e-01	   5.8406939e-01	   5.6451257e-01	   4.8821093e-01	   6.5554269e-01	   6.7758488e-01	   7.2230601e-01	   1.0000000e+00	   7.0524198e-01	   4.3486289e-01	   3.0015435e-01	   4.9549424e-01	   1.9374880e-01	   4.7204865e-01	   7.7952620e-01	   6.2307444e-01	   6.2727115e-01	   3.9372359e-01	   3.1337807e-01	   4.4593011e-01	   9.5433485e-01	   6.8671216e-01	   8.8900437e-01	   6.2825170e-01	   2.1568404e-01	   7.7896937e-01	   6.6759272e-01	   8.0498758e-01	   6.8008224e-01	   3.5026652e-01	   8.9761210e-01	   7.4639473e-01	   5.3378841e-01	   5.4477236e-01	   3.8780998e-01	   4.6647913e-01	   5.0453552e-01	   1.9822824e-01	   9.7451843e-01	   6.0185321e-01	   5.7573419e-01	   4.5979005e-01	   4.1498598e-01	   5.6492356e-01	   9.9987890e-01	   5.7776377e-01	   7.4272186e-01	   7.6112110e-01	   3.5407746e-01	   5.0335411e-01	   7.8448136e-01	   4.3486289e-01	   4.3430561e-01	   6.7314724e-01	   3.7939204e-01	   5.1563381e-01	   6.7033810e-01	   3.1517616e-01	
   4.8113202e-01	   8.3329667e-01	   0.0000000e+00	   4.8027134e-01	   5.1850263e-01	   5.2401991e-01	   6.0131644e-01	   4.1452371e-01	   4.1675731e-01	   3.1085626e-01	   5.7840964e-01	   2.2871785e-01	   4.5518001e-01	   5.5361041e-01	   3.8715892e-01	   4.2291046e-01	   3.8585350e-01	   5.4989775e-01	   5.3316420e-01	   4.0251886e-01	   4.4158679e-01	   1.8517367e-01	   4.7778560e-01	   4.5732538e-01	   4.4829987e-01	   6.5341495e-01	   4.0636125e-01	   4.8048140e-01	   5.1184283e-01	   4.1242484e-01	   4.3321220e-01	   4.8476767e-01	   5.8062107e-01	   6.2499874e-01	   3.6347166e-01	   6.1518587e-01	   4.5974615e-01	   3.0775692e-01	   6.8781338e-01	   5.3845633e-01	   5.1592727e-01	   4.3567431e-01	   4.1215561e-01	   5.2427019e-01	   4.5286854e-01	   5.1653325e-01	   3.6121587e-01	   4.7089287e-01	   4.1678152e-01	   4.7170649e-01	   2.8441101e-01	   5.4932858e-01	   6.4881202e-01	   5.2844954e-01	   7.0194328e-01	   4.9201991e-01	   3.4334139e-01	   4.2094932e-01	   4.0636125e-01	   5.7078779e-01	   6.1858833e-01	   6.0431287e-01	   4.4922181e-01	   3.3219784e-01	   3.8936808e-01	   4.0249379e-01	   7.4835251e-01	   4.6422392e-01	   4.1716873e-01	   2.4309056e-01	   4.3539628e-01	   6.6874051e-01	   4.3286266e-01	   4.6125816e-01	   5.7702975e-01	   4.7405383e-01	   5.3845633e-01	   5.2162658e-01	   6.1621840e-01	   7.7493010e-01	   4.8113202e-01	   3.4284138e-01	   4.6760266e-01	   5.1647464e-01	   6.3740465e-01	   4.6520107e-01	   4.6964831e-01	   4.7224100e-01	   3.4428060e-01	   3.9246572e-01	   6.0131644e-01	   6.2739983e-01	   4.5110479e-01	   5.4932858e-01	   6.1403657e-01	   4.6686835e-01	   6.2258839e-01	   5.4649232e-01	   4.5732538e-01	   6.7107532e-01	
   6.3056039e-01	   5.6058414e-01	   4.8027134e-01	   0.0000000e+00	   4.1893083e-01	   3.5807333e-01	   3.9187391e-01	   3.7519294e-01	   4.3613730e-01	   4.4402519e-01	   4.0377040e-01	   4.6407173e-01	   3.8595810e-01	   5.5646480e-01	   3.9282553e-01	   3.4056746e-01	   3.0739603e-01	   3.9737174e-01	   3.3158975e-01	   4.5395906e-01	   5.6862685e-01	   4.5500262e-01	   4.5202101e-01	   4.2642725e-01	   3.0782249e-01	   4.3504849e-01	   3.8965305e-01	   4.9985366e-01	   4.2185927e-01	   4.9283960e-01	   3.6157885e-01	   4.5952661e-01	   3.6277692e-01	   3.9676180e-01	   5.4967750e-01	   4.4215771e-01	   2.7414946e-01	   4.8944953e-01	   4.7326557e-01	   3.5078471e-01	   5.1590771e-01	   5.9102520e-01	   4.8696919e-01	   4.4309243e-01	   3.3149844e-01	   3.7233110e-01	   4.0176607e-01	   4.4991764e-01	   3.7354871e-01	   6.5132674e-01	   4.0043267e-01	   3.5250650e-01	   4.2326822e-01	   3.8910883e-01	   4.4715041e-01	   3.1427840e-01	   4.7292430e-01	   3.9079088e-01	   3.8965305e-01	   3.8530391e-01	   3.8428115e-01	   4.3029066e-01	   5.2336476e-01	   3.7573047e-01	   5.4761753e-01	   4.0186652e-01	   4.9807395e-01	   4.9712081e-01	   3.6040480e-01	   4.6368016e-01	   4.1447502e-01	   4.3805348e-01	   5.6791656e-01	   4.5029876e-01	   4.2207450e-01	   3.5115848e-01	   3.5078471e-01	   2.9228511e-01	   4.5792075e-01	   5.0830159e-01	   6.3056039e-01	   3.8407102e-01	   3.6383240e-01	   2.5705253e-01	   4.1656356e-01	   3.4618054e-01	   6.3678693e-01	   3.1661365e-01	   4.4076336e-01	   4.5604380e-01	   3.9187391e-01	   4.8182365e-01	   4.7360660e-01	   3.5250650e-01	   4.5217725e-01	   4.4256832e-01	   3.4719928e-01	   4.0309505e-01	   4.2642725e-01	   4.3534992e-01	
   4.4850241e-01	   6.0581386e-01	   5.1850263e-01	   4.1893083e-01	   0.0000000e+00	   4.0900971e-01	   4.4764662e-01	   4.7396868e-01	   5.3524208e-01	   4.7867183e-01	   4.4735347e-01	   5.1966903e-01	   3.7524673e-01	   5.8185372e-01	   4.0357041e-01	   4.9529054e-01	   4.5469203e-01	   2.2994989e-01	   3.5293564e-01	   5.5297208e-01	   4.2682935e-01	   4.9367838e-01	   5.2394287e-01	   2.6302859e-01	   4.2488630e-01	   4.6011914e-01	   4.0259406e-01	   5.0730799e-01	   4.7279625e-01	   5.6474491e-01	   3.6596179e-01	   5.2546219e-01	   3.7583788e-01	   4.5260107e-01	   5.4391962e-01	   4.8428866e-01	   4.1164114e-01	   4.9310571e-01	   5.1856102e-01	   4.0469405e-01	   3.8235940e-01	   5.9653145e-01	   4.8530859e-01	   4.8870675e-01	   4.0479377e-01	   4.7020663e-01	   4.3832983e-01	   4.4712784e-01	   5.0794412e-01	   6.6254012e-01	   4.6641423e-01	   3.8606266e-01	   4.8006118e-01	   4.2514747e-01	   4.9825626e-01	   3.3443815e-01	   4.9620652e-01	   3.5524401e-01	   4.0259406e-01	   4.3061886e-01	   4.4361593e-01	   4.8343360e-01	   6.3108828e-01	   4.5074673e-01	   5.3475167e-01	   4.5121662e-01	   5.4375262e-01	   2.6337365e-01	   4.8129978e-01	   5.1471319e-01	   4.2046960e-01	   5.0399522e-01	   5.8427668e-01	   4.1132233e-01	   1.7159720e-01	   3.3061449e-01	   4.0469405e-01	   4.1235143e-01	   5.1933882e-01	   5.6732989e-01	   4.4850241e-01	   4.1649088e-01	   3.8206899e-01	   4.3583641e-01	   3.5702910e-01	   3.4792512e-01	   6.5129575e-01	   4.8532939e-01	   4.5633136e-01	   4.1107692e-01	   4.4764662e-01	   4.9862067e-01	   5.3808138e-01	   3.8606266e-01	   4.7803898e-01	   2.2893834e-01	   4.3316561e-01	   4.4629203e-01	   2.6302859e-01	   4.8353796e-01	
   6.6275332e-01	   4.4509204e-01	   5.2401991e-01	   3.5807333e-01	   4.0900971e-01	   0.0000000e+00	   2.1281095e-01	   3.7224978e-01	   4.6195770e-01	   4.9645050e-01	   2.5241772e-01	   5.2839225e-01	   3.8650676e-01	   4.3966305e-01	   4.4334288e-01	   4.1893083e-01	   3.9714312e-01	   3.4533417e-01	   3.2211159e-01	   4.9343303e-01	   5.8405212e-01	   5.0409532e-01	   3.8375560e-01	   4.1991726e-01	   3.7478929e-01	   3.8037489e-01	   3.2120180e-01	   3.6244298e-01	   4.6341893e-01	   5.0794412e-01	   2.3953610e-01	   3.9374922e-01	   3.7885971e-01	   2.2707954e-01	   5.5068627e-01	   2.6471126e-01	   4.1406092e-01	   5.5740698e-01	   3.2504306e-01	   1.7306112e-01	   5.3862497e-01	   6.1873513e-01	   4.3885901e-01	   3.1328146e-01	   3.1823496e-01	   3.4635539e-01	   4.1503461e-01	   3.8715892e-01	   4.4297855e-01	   6.5471092e-01	   4.3745414e-01	   3.1994268e-01	   2.5460699e-01	   4.1789378e-01	   3.0706758e-01	   2.7892969e-01	   5.3986005e-01	   4.0770001e-01	   3.2120180e-01	   2.2681275e-01	   2.6356515e-01	   2.7256210e-01	   5.9607453e-01	   4.4103800e-01	   5.9717391e-01	   4.3050167e-01	   3.8601038e-01	   5.0431547e-01	   3.8275507e-01	   5.3721802e-01	   4.0214264e-01	   2.4029320e-01	   5.8114223e-01	   4.7615655e-01	   4.0156508e-01	   3.4157340e-01	   1.7306112e-01	   3.5069839e-01	   2.9924525e-01	   3.4968985e-01	   6.6275332e-01	   3.6931049e-01	   3.5282125e-01	   3.0631081e-01	   3.8396591e-01	   3.4899660e-01	   6.4018492e-01	   3.8655897e-01	   4.9476054e-01	   5.0679056e-01	   2.1281095e-01	   3.5282125e-01	   4.3525720e-01	   3.1994268e-01	   2.6417703e-01	   4.3551215e-01	   3.6224803e-01	   3.1131040e-01	   4.1991726e-01	   2.8954482e-01	
   7.4017681e-01	   3.5407746e-01	   6.0131644e-01	   3.9187391e-01	   4.4764662e-01	   2.1281095e-01	   0.0000000e+00	   4.5353652e-01	   5.2781901e-01	   5.5280781e-01	   2.2743477e-01	   5.9987149e-01	   4.3486289e-01	   4.9097282e-01	   4.8930519e-01	   4.8460112e-01	   4.4064887e-01	   3.7271034e-01	   3.2379887e-01	   5.6379709e-01	   6.5586587e-01	   5.7227091e-01	   4.4502402e-01	   4.7264683e-01	   3.9924650e-01	   3.4216374e-01	   3.9838622e-01	   4.3558165e-01	   4.8357969e-01	   5.6761441e-01	   3.2429712e-01	   4.6439778e-01	   3.6958363e-01	   1.4784164e-01	   6.2939107e-01	   2.4540418e-01	   4.5346976e-01	   6.1987571e-01	   2.7986873e-01	   2.0849968e-01	   5.9894557e-01	   6.9667634e-01	   5.2576937e-01	   3.3759146e-01	   3.6947440e-01	   3.5121595e-01	   4.6420218e-01	   4.4615634e-01	   5.0104333e-01	   7.3792390e-01	   5.0098291e-01	   3.1905833e-01	   2.0723751e-01	   4.1464541e-01	   2.3117536e-01	   3.0339791e-01	   5.9247469e-01	   4.5571176e-01	   3.9838622e-01	   2.1902674e-01	   2.4556861e-01	   2.6710208e-01	   6.7913195e-01	   4.9416870e-01	   6.6648837e-01	   4.6267799e-01	   3.2671520e-01	   5.6697404e-01	   4.3428238e-01	   6.0175261e-01	   4.5939483e-01	   2.5033026e-01	   6.5988464e-01	   5.2720687e-01	   4.2228962e-01	   3.7384574e-01	   2.0849968e-01	   3.5270683e-01	   3.4027103e-01	   3.1010874e-01	   7.4017681e-01	   4.0987232e-01	   3.9594710e-01	   3.1927965e-01	   3.6972012e-01	   3.8275507e-01	   7.2236189e-01	   4.1525338e-01	   5.5392020e-01	   5.5923244e-01	   0.0000000e+00	   3.4641366e-01	   5.2110400e-01	   3.1905833e-01	   2.5634494e-01	   4.8775600e-01	   3.3750177e-01	   3.2847100e-01	   4.7264683e-01	   2.6141231e-01	
   5.5804024e-01	   7.0495575e-01	   4.1452371e-01	   3.7519294e-01	   4.7396868e-01	   3.7224978e-01	   4.5353652e-01	   0.0000000e+00	   2.6264466e-01	   4.8062839e-01	   4.3673846e-01	   4.2595370e-01	   4.3127451e-01	   4.2566932e-01	   4.4953619e-01	   1.8836143e-01	   3.4021171e-01	   4.8048140e-01	   4.4606586e-01	   2.7867633e-01	   4.8850022e-01	   4.1337797e-01	   3.8412356e-01	   4.3335194e-01	   4.0760099e-01	   5.5118080e-01	   3.6463584e-01	   3.8830405e-01	   4.8578660e-01	   3.5098602e-01	   3.6015272e-01	   3.9421025e-01	   5.0758640e-01	   4.8098518e-01	   4.2986832e-01	   4.6824962e-01	   4.1649088e-01	   4.7311629e-01	   5.4868527e-01	   4.0655987e-01	   5.1702142e-01	   4.9951035e-01	   3.9233714e-01	   3.7963135e-01	   3.7322440e-01	   3.9985264e-01	   4.1484006e-01	   4.0043267e-01	   2.7878494e-01	   4.9504599e-01	   3.6799661e-01	   4.6923989e-01	   5.0766591e-01	   5.2688138e-01	   5.7137091e-01	   4.1600602e-01	   4.9934870e-01	   4.4852491e-01	   3.6463584e-01	   4.3143826e-01	   5.0057990e-01	   4.5462544e-01	   3.3949910e-01	   3.9024824e-01	   5.2042579e-01	   4.5289082e-01	   6.2305825e-01	   4.6803406e-01	   2.5488427e-01	   4.7035683e-01	   4.2512373e-01	   5.0692992e-01	   4.8326658e-01	   4.4838990e-01	   5.2193601e-01	   4.1953258e-01	   4.0655987e-01	   4.3892798e-01	   4.7613536e-01	   6.3384849e-01	   5.5804024e-01	   3.8879750e-01	   4.1825583e-01	   4.0891101e-01	   5.6374340e-01	   4.2312515e-01	   4.6197954e-01	   3.3863603e-01	   4.6215425e-01	   4.7262548e-01	   4.5353652e-01	   5.0929324e-01	   2.1875014e-01	   4.6923989e-01	   4.7313762e-01	   4.6339716e-01	   5.3341019e-01	   4.2348273e-01	   4.3335194e-01	   5.4300979e-01	
   5.7629479e-01	   7.8026372e-01	   4.1675731e-01	   4.3613730e-01	   5.3524208e-01	   4.6195770e-01	   5.2781901e-01	   2.6264466e-01	   0.0000000e+00	   5.1543807e-01	   5.0752675e-01	   4.3477006e-01	   4.8721779e-01	   4.8020830e-01	   5.0015639e-01	   2.6827069e-01	   3.6171837e-01	   5.5602941e-01	   5.2776165e-01	   1.3537095e-01	   5.0311348e-01	   4.2116501e-01	   3.9947391e-01	   4.9776996e-01	   4.5721504e-01	   6.2266942e-01	   4.1398780e-01	   4.4325182e-01	   5.1729459e-01	   2.4932046e-01	   4.4719554e-01	   4.4545464e-01	   5.9953496e-01	   5.6360018e-01	   3.8525152e-01	   5.5006288e-01	   4.8814892e-01	   4.9651147e-01	   6.1951747e-01	   4.9015001e-01	   5.5555735e-01	   4.6766739e-01	   4.0757624e-01	   4.4994007e-01	   4.1835233e-01	   4.0055865e-01	   4.5413686e-01	   4.4809724e-01	   1.7497473e-01	   4.4256832e-01	   3.7187007e-01	   5.5167490e-01	   5.9177597e-01	   5.9702181e-01	   6.4887423e-01	   4.9529054e-01	   5.3798761e-01	   5.0399522e-01	   4.1398780e-01	   5.1259146e-01	   5.8401756e-01	   5.2864046e-01	   3.7004750e-01	   4.2310130e-01	   5.4155834e-01	   4.8458029e-01	   7.0505594e-01	   5.1383020e-01	   1.6016047e-01	   4.7966163e-01	   4.5302449e-01	   5.9018799e-01	   4.4645027e-01	   4.9478093e-01	   5.8605289e-01	   5.0325386e-01	   4.9015001e-01	   5.1672857e-01	   5.3738705e-01	   7.1989906e-01	   5.7629479e-01	   4.2142849e-01	   4.5774443e-01	   4.6237255e-01	   6.3670769e-01	   4.8332922e-01	   4.2173965e-01	   3.0429461e-01	   5.0015639e-01	   5.0746710e-01	   5.2781901e-01	   5.7716963e-01	   3.1218437e-01	   5.5167490e-01	   5.5028298e-01	   5.2058089e-01	   6.1364203e-01	   4.8944953e-01	   4.9776996e-01	   6.1976175e-01	
   5.1688478e-01	   7.4211021e-01	   3.1085626e-01	   4.4402519e-01	   4.7867183e-01	   4.9645050e-01	   5.5280781e-01	   4.8062839e-01	   5.1543807e-01	   0.0000000e+00	   5.4150244e-01	   2.9826572e-01	   4.4208924e-01	   5.9470169e-01	   2.6573853e-01	   4.8638863e-01	   4.1745890e-01	   4.7396868e-01	   4.8031336e-01	   5.0491539e-01	   4.8226326e-01	   3.1328146e-01	   5.3350477e-01	   4.2010946e-01	   4.1950853e-01	   5.9322362e-01	   4.3379414e-01	   5.2457806e-01	   4.9797264e-01	   5.1964961e-01	   4.2178751e-01	   5.2735997e-01	   4.9228646e-01	   5.6578032e-01	   5.0399522e-01	   5.8467378e-01	   4.3493250e-01	   2.2520540e-01	   6.3454860e-01	   4.9482172e-01	   5.3035565e-01	   5.6809421e-01	   4.9279865e-01	   5.2642152e-01	   4.4771424e-01	   5.1347658e-01	   3.6227589e-01	   4.9410744e-01	   4.7854533e-01	   6.1690580e-01	   3.7981737e-01	   4.8410110e-01	   5.9493920e-01	   3.9202838e-01	   6.2694932e-01	   4.3931864e-01	   1.8176359e-01	   2.8989312e-01	   4.3379414e-01	   5.2519327e-01	   5.5189435e-01	   5.7631230e-01	   5.5982759e-01	   3.3564290e-01	   2.8891681e-01	   3.9068758e-01	   6.6352939e-01	   4.5752392e-01	   4.7778560e-01	   2.2942268e-01	   4.3835285e-01	   6.1755975e-01	   5.5568448e-01	   4.7776448e-01	   5.2085219e-01	   4.1861757e-01	   4.9482172e-01	   4.6975573e-01	   5.9461685e-01	   6.9455839e-01	   5.1688478e-01	   4.1011844e-01	   4.4834489e-01	   4.8914017e-01	   5.5483032e-01	   4.2621422e-01	   6.0310940e-01	   4.8497579e-01	   2.1661775e-01	   2.7021959e-01	   5.5280781e-01	   5.9225323e-01	   5.2599963e-01	   4.8410110e-01	   5.8488085e-01	   4.3579010e-01	   5.4652925e-01	   5.3022245e-01	   4.2010946e-01	   6.0483030e-01	
   7.1511731e-01	   4.2255239e-01	   5.7840964e-01	   4.0377040e-01	   4.4735347e-01	   2.5241772e-01	   2.2743477e-01	   4.3673846e-01	   5.0752675e-01	   5.4150244e-01	   0.0000000e+00	   5.7606711e-01	   4.2904592e-01	   4.0831832e-01	   4.8812825e-01	   4.7392610e-01	   4.3318890e-01	   3.9189966e-01	   3.5293564e-01	   5.4232177e-01	   6.2995198e-01	   5.4903459e-01	   4.3906590e-01	   4.6261255e-01	   4.0374541e-01	   3.6319392e-01	   3.8741947e-01	   3.9970119e-01	   4.3879002e-01	   5.5224165e-01	   3.3104152e-01	   4.5520218e-01	   3.9714312e-01	   2.3282819e-01	   6.0604701e-01	   1.9348821e-01	   4.5420352e-01	   5.9916455e-01	   2.3669674e-01	   2.5535892e-01	   5.9054694e-01	   6.7350692e-01	   5.0415537e-01	   2.2959855e-01	   3.7184294e-01	   3.7573047e-01	   4.6173920e-01	   4.2176358e-01	   4.9445450e-01	   7.1182185e-01	   4.8524621e-01	   3.5501669e-01	   2.8238139e-01	   4.4586221e-01	   3.0617901e-01	   3.2840955e-01	   5.8443210e-01	   4.5369224e-01	   3.8741947e-01	   2.1128814e-01	   3.2261245e-01	   1.8248389e-01	   6.5011716e-01	   4.8345447e-01	   6.3993266e-01	   4.6816341e-01	   3.8077262e-01	   5.5227819e-01	   4.2376858e-01	   5.8486360e-01	   4.5451445e-01	   3.3231933e-01	   6.4034252e-01	   5.1791845e-01	   4.3756946e-01	   3.8551337e-01	   2.5535892e-01	   3.7797973e-01	   3.7105510e-01	   3.9482413e-01	   7.1511731e-01	   4.0539162e-01	   4.0174095e-01	   3.3140711e-01	   4.1393905e-01	   3.9772710e-01	   6.9025912e-01	   4.2236130e-01	   5.3620273e-01	   5.4651079e-01	   2.2743477e-01	   2.7921896e-01	   4.9236845e-01	   3.5501669e-01	   1.9730980e-01	   4.8736275e-01	   3.7648171e-01	   2.9917780e-01	   4.6261255e-01	   3.4021171e-01	
   5.0615298e-01	   8.1693315e-01	   2.2871785e-01	   4.6407173e-01	   5.1966903e-01	   5.2839225e-01	   5.9987149e-01	   4.2595370e-01	   4.3477006e-01	   2.9826572e-01	   5.7606711e-01	   0.0000000e+00	   4.7168510e-01	   5.7552383e-01	   3.1276566e-01	   4.3239616e-01	   3.5592510e-01	   5.3505352e-01	   5.0525503e-01	   4.1791792e-01	   4.7292430e-01	   2.8273852e-01	   4.9979309e-01	   4.5329170e-01	   4.0025623e-01	   6.4147615e-01	   4.1849703e-01	   5.0959036e-01	   5.1459554e-01	   4.3332865e-01	   4.4416153e-01	   4.9596243e-01	   5.4248920e-01	   6.1974547e-01	   4.2566932e-01	   6.1803344e-01	   4.5150726e-01	   2.5559591e-01	   6.8165325e-01	   5.3898081e-01	   5.1373200e-01	   4.7710927e-01	   4.4538668e-01	   5.3335343e-01	   4.5175304e-01	   5.0897612e-01	   3.6933782e-01	   4.7862967e-01	   4.1909941e-01	   5.2380804e-01	   2.7051818e-01	   5.1488960e-01	   6.4117720e-01	   4.5644191e-01	   6.8794541e-01	   4.8412194e-01	   3.0253192e-01	   3.8744552e-01	   4.1849703e-01	   5.6374340e-01	   6.1169850e-01	   6.1019545e-01	   4.7909327e-01	   2.4259191e-01	   3.8786201e-01	   4.0093636e-01	   7.3836136e-01	   4.8255611e-01	   4.2857527e-01	   1.9291367e-01	   4.5604380e-01	   6.6495741e-01	   4.7125703e-01	   4.4249991e-01	   5.6782771e-01	   4.4096936e-01	   5.3898081e-01	   4.8318305e-01	   6.1638214e-01	   7.6288239e-01	   5.0615298e-01	   3.8864174e-01	   4.6734362e-01	   4.9922744e-01	   6.1194590e-01	   4.6350603e-01	   5.1105362e-01	   4.5407019e-01	   2.7602030e-01	   3.7624041e-01	   5.9987149e-01	   6.2362485e-01	   4.7119279e-01	   5.1488960e-01	   6.2138782e-01	   4.6712765e-01	   6.0382843e-01	   5.4689840e-01	   4.5329170e-01	   6.6135105e-01	
   5.2394287e-01	   6.4666213e-01	   4.5518001e-01	   3.8595810e-01	   3.7524673e-01	   3.8650676e-01	   4.3486289e-01	   4.3127451e-01	   4.8721779e-01	   4.4208924e-01	   4.2904592e-01	   4.7168510e-01	   0.0000000e+00	   5.0551461e-01	   4.1991726e-01	   4.6639259e-01	   4.1832820e-01	   3.7819325e-01	   3.6477418e-01	   5.0778516e-01	   4.6799094e-01	   4.3858299e-01	   4.8094322e-01	   3.6460816e-01	   4.2027757e-01	   4.8959382e-01	   3.6469118e-01	   4.5029876e-01	   4.5449224e-01	   5.2034823e-01	   3.2776365e-01	   4.7296697e-01	   4.1315822e-01	   4.5520218e-01	   4.8907828e-01	   4.6760266e-01	   3.2856315e-01	   4.5683968e-01	   5.0756651e-01	   3.9604903e-01	   4.0836774e-01	   5.4484645e-01	   4.4994007e-01	   4.2918702e-01	   3.5161796e-01	   4.7738414e-01	   4.0199205e-01	   4.0479377e-01	   4.8328746e-01	   6.0237275e-01	   4.2491005e-01	   4.1359762e-01	   4.7987196e-01	   4.7435175e-01	   5.2766604e-01	   2.7010754e-01	   4.8491337e-01	   3.9502854e-01	   3.6469118e-01	   4.1900308e-01	   4.5774443e-01	   4.5342526e-01	   5.4916323e-01	   4.1748307e-01	   5.0122456e-01	   4.2942207e-01	   5.7029256e-01	   4.1110147e-01	   4.4525071e-01	   4.7995607e-01	   2.8804231e-01	   5.1639648e-01	   5.2409693e-01	   3.8467484e-01	   3.9924650e-01	   3.5925501e-01	   3.9604903e-01	   3.9995358e-01	   5.0748698e-01	   5.9664985e-01	   5.2394287e-01	   3.9189966e-01	   3.4295910e-01	   4.0219282e-01	   4.4516005e-01	   2.3416791e-01	   5.8063845e-01	   4.7903008e-01	   4.3148504e-01	   4.2869298e-01	   4.3486289e-01	   4.7683423e-01	   4.7303097e-01	   4.1359762e-01	   4.5932893e-01	   3.7197860e-01	   4.0824417e-01	   4.3272276e-01	   3.6460816e-01	   5.0102319e-01	
   6.4666213e-01	   7.5400804e-01	   5.5361041e-01	   5.5646480e-01	   5.8185372e-01	   4.3966305e-01	   4.9097282e-01	   4.2566932e-01	   4.8020830e-01	   5.9470169e-01	   4.0831832e-01	   5.7552383e-01	   5.0551461e-01	   0.0000000e+00	   5.9155425e-01	   5.0182818e-01	   5.3168587e-01	   5.7624226e-01	   5.4975092e-01	   5.1028297e-01	   5.7454110e-01	   5.4580869e-01	   4.6554801e-01	   5.2764692e-01	   5.7154749e-01	   6.1602186e-01	   4.5778851e-01	   3.7653532e-01	   5.6709862e-01	   5.4549430e-01	   4.4516005e-01	   4.8243063e-01	   6.2132286e-01	   5.3603333e-01	   5.6009790e-01	   4.1835233e-01	   5.4828051e-01	   6.0227223e-01	   5.4702755e-01	   4.8829360e-01	   6.0893732e-01	   6.3461220e-01	   4.9776996e-01	   2.8614427e-01	   4.9433204e-01	   5.6561978e-01	   5.5191264e-01	   4.5387014e-01	   5.2852592e-01	   6.1539907e-01	   5.4219150e-01	   5.6601213e-01	   5.6196850e-01	   6.5603510e-01	   6.2404542e-01	   5.1042138e-01	   6.2988790e-01	   5.7573419e-01	   4.5778851e-01	   4.6368016e-01	   5.9313856e-01	   4.1774887e-01	   5.1721656e-01	   5.5123573e-01	   6.1374069e-01	   5.9386967e-01	   6.8091266e-01	   5.6658235e-01	   4.7256142e-01	   6.1113736e-01	   4.9736434e-01	   5.8070796e-01	   6.1189643e-01	   5.3965440e-01	   6.2038016e-01	   5.2688138e-01	   4.8829360e-01	   5.8051678e-01	   5.4384541e-01	   6.9682117e-01	   6.4666213e-01	   5.2151050e-01	   5.2923188e-01	   5.3817514e-01	   6.5723378e-01	   5.3214118e-01	   5.6284768e-01	   5.6397605e-01	   5.9390365e-01	   5.8263363e-01	   4.9097282e-01	   4.5108242e-01	   4.0915772e-01	   5.6601213e-01	   4.3388718e-01	   5.7087618e-01	   6.3268525e-01	   4.5486954e-01	   5.2764692e-01	   6.1077399e-01	
   5.1881393e-01	   6.6008341e-01	   3.8715892e-01	   3.9282553e-01	   4.0357041e-01	   4.4334288e-01	   4.8930519e-01	   4.4953619e-01	   5.0015639e-01	   2.6573853e-01	   4.8812825e-01	   3.1276566e-01	   4.1991726e-01	   5.9155425e-01	   0.0000000e+00	   4.5502480e-01	   3.5350701e-01	   3.7451995e-01	   3.8807009e-01	   4.9418912e-01	   4.7892474e-01	   3.8827806e-01	   4.9888370e-01	   3.5023771e-01	   3.2850172e-01	   5.0451552e-01	   3.9125540e-01	   5.1048068e-01	   4.5668504e-01	   5.0204932e-01	   3.8008296e-01	   4.8802487e-01	   3.8851189e-01	   4.9461774e-01	   5.1459554e-01	   5.3512895e-01	   3.8926440e-01	   2.6804490e-01	   5.7309908e-01	   4.3106387e-01	   4.7919857e-01	   5.6700964e-01	   4.7266818e-01	   5.0150634e-01	   4.0214264e-01	   4.4764662e-01	   3.6280474e-01	   4.6898176e-01	   4.5228882e-01	   6.2427176e-01	   3.6361045e-01	   3.9377485e-01	   5.2580775e-01	   2.7758789e-01	   5.5081452e-01	   3.7634767e-01	   2.4209223e-01	   2.1076213e-01	   3.9125540e-01	   4.6971277e-01	   4.8337098e-01	   5.2789548e-01	   5.7737940e-01	   2.7835025e-01	   3.8794006e-01	   3.7661571e-01	   5.9493920e-01	   4.1736220e-01	   4.4703756e-01	   3.0657425e-01	   4.3657669e-01	   5.5320926e-01	   5.5311805e-01	   4.2649824e-01	   4.3349163e-01	   3.2120180e-01	   4.3106387e-01	   3.7567675e-01	   5.4308412e-01	   6.2200462e-01	   5.1881393e-01	   3.8892725e-01	   4.0284463e-01	   4.1085594e-01	   4.5566748e-01	   3.8288687e-01	   6.0991426e-01	   4.3139148e-01	   1.9827914e-01	   2.9193966e-01	   4.8930519e-01	   5.3757479e-01	   5.1758712e-01	   3.9377485e-01	   5.3369388e-01	   3.8191048e-01	   4.6385423e-01	   4.6688996e-01	   3.5023771e-01	   5.3663540e-01	
   5.9133244e-01	   7.1216200e-01	   4.2291046e-01	   3.4056746e-01	   4.9529054e-01	   4.1893083e-01	   4.8460112e-01	   1.8836143e-01	   2.6827069e-01	   4.8638863e-01	   4.7392610e-01	   4.3239616e-01	   4.6639259e-01	   5.0182818e-01	   4.5502480e-01	   0.0000000e+00	   3.0710044e-01	   5.0509523e-01	   4.6171735e-01	   2.6410062e-01	   5.2551980e-01	   4.1337797e-01	   3.9987788e-01	   4.7012077e-01	   3.8713285e-01	   5.6417283e-01	   4.0586430e-01	   4.5333623e-01	   4.8085929e-01	   3.4705392e-01	   4.0668395e-01	   4.1704776e-01	   5.1789897e-01	   5.0871832e-01	   4.5304676e-01	   5.1555552e-01	   4.2159607e-01	   4.8449699e-01	   5.6844936e-01	   4.3393370e-01	   5.4168876e-01	   5.1596639e-01	   4.3959419e-01	   4.3844492e-01	   3.9884189e-01	   3.8177835e-01	   4.2312515e-01	   4.4872735e-01	   2.2529500e-01	   5.2133632e-01	   3.6441437e-01	   4.8385089e-01	   5.3253925e-01	   5.2222594e-01	   5.8842426e-01	   4.4128961e-01	   5.0669099e-01	   4.6117064e-01	   4.0586430e-01	   4.6939041e-01	   5.1418358e-01	   4.9189684e-01	   3.7605261e-01	   3.9071341e-01	   5.3631564e-01	   4.5065717e-01	   6.3971186e-01	   5.0142585e-01	   2.4716602e-01	   4.6812030e-01	   4.6285243e-01	   5.3482715e-01	   5.0049926e-01	   4.7347875e-01	   5.3639089e-01	   4.4402519e-01	   4.3393370e-01	   4.3680777e-01	   4.9410744e-01	   6.4985324e-01	   5.9133244e-01	   3.9767635e-01	   4.3975485e-01	   3.9836089e-01	   5.7195342e-01	   4.4624680e-01	   4.9853972e-01	   2.8695423e-01	   4.7341480e-01	   4.8276518e-01	   4.8460112e-01	   5.4874044e-01	   3.2148443e-01	   4.8385089e-01	   5.1672857e-01	   4.9068499e-01	   5.3901825e-01	   4.6496240e-01	   4.7012077e-01	   5.6038609e-01	
   6.0066161e-01	   6.3091237e-01	   3.8585350e-01	   3.0739603e-01	   4.5469203e-01	   3.9714312e-01	   4.4064887e-01	   3.4021171e-01	   3.6171837e-01	   4.1745890e-01	   4.3318890e-01	   3.5592510e-01	   4.1832820e-01	   5.3168587e-01	   3.5350701e-01	   3.0710044e-01	   0.0000000e+00	   4.3989251e-01	   3.6805144e-01	   3.5767858e-01	   5.2680476e-01	   3.7645491e-01	   4.1878628e-01	   4.2400664e-01	   1.9690024e-01	   4.7949330e-01	   3.5319287e-01	   4.6370193e-01	   4.3323549e-01	   3.8485842e-01	   3.6347166e-01	   4.1948447e-01	   4.1342679e-01	   4.5206566e-01	   4.6602463e-01	   4.7761660e-01	   3.6574113e-01	   4.2219403e-01	   5.1867776e-01	   3.8095809e-01	   5.2050334e-01	   5.1343727e-01	   4.2925755e-01	   4.3809955e-01	   3.3313818e-01	   3.2727068e-01	   3.7105510e-01	   4.2571673e-01	   3.0089307e-01	   5.6576248e-01	   2.8713001e-01	   3.8601038e-01	   4.7774335e-01	   3.9282553e-01	   5.1522267e-01	   3.6302718e-01	   4.3244283e-01	   3.8980841e-01	   3.5319287e-01	   4.1979708e-01	   4.4818731e-01	   4.6971277e-01	   5.0471550e-01	   2.5646301e-01	   5.1326036e-01	   3.8393962e-01	   5.5546652e-01	   4.9156850e-01	   2.9785946e-01	   3.9372359e-01	   4.1868988e-01	   5.0271217e-01	   4.9144531e-01	   4.3241949e-01	   4.7119279e-01	   3.6085251e-01	   3.8095809e-01	   2.9802880e-01	   4.8990289e-01	   5.8722259e-01	   6.0066161e-01	   3.3088907e-01	   3.6560315e-01	   2.9629695e-01	   4.8717637e-01	   3.7219556e-01	   5.6196850e-01	   2.6129648e-01	   3.8546101e-01	   4.3353818e-01	   4.4064887e-01	   5.0601341e-01	   4.3768475e-01	   3.8601038e-01	   4.7993504e-01	   4.4669884e-01	   4.3733878e-01	   4.2058958e-01	   4.2400664e-01	   5.0023708e-01	
   5.5213200e-01	   4.9955075e-01	   5.4989775e-01	   3.9737174e-01	   2.2994989e-01	   3.4533417e-01	   3.7271034e-01	   4.8048140e-01	   5.5602941e-01	   4.7396868e-01	   3.9189966e-01	   5.3505352e-01	   3.7819325e-01	   5.7624226e-01	   3.7451995e-01	   5.0509523e-01	   4.3989251e-01	   0.0000000e+00	   2.8926587e-01	   5.7708221e-01	   5.2415469e-01	   5.2058089e-01	   5.2513562e-01	   2.5783647e-01	   3.8459613e-01	   3.9117802e-01	   4.0007971e-01	   5.1020386e-01	   4.7852424e-01	   5.8379289e-01	   3.3642368e-01	   5.1148784e-01	   2.9242317e-01	   3.6146720e-01	   5.8844141e-01	   4.1813518e-01	   4.0101186e-01	   5.1170481e-01	   4.4062597e-01	   3.3277450e-01	   4.4372965e-01	   6.4713010e-01	   5.1633785e-01	   4.5770033e-01	   3.8185764e-01	   4.2942207e-01	   4.3662291e-01	   4.5562318e-01	   5.1770408e-01	   7.1074363e-01	   4.7362791e-01	   3.1353904e-01	   3.9197689e-01	   3.5748103e-01	   3.9663461e-01	   2.8334460e-01	   4.9245042e-01	   3.2342468e-01	   4.0007971e-01	   3.5961997e-01	   3.6099231e-01	   4.2939857e-01	   6.7233725e-01	   4.4958108e-01	   5.5896171e-01	   4.4025939e-01	   4.4982792e-01	   3.7648171e-01	   4.8330834e-01	   5.2928908e-01	   4.2779757e-01	   4.2486255e-01	   6.2886176e-01	   4.4279627e-01	   2.0601659e-01	   2.7118879e-01	   3.3277450e-01	   3.4725740e-01	   4.7177066e-01	   4.6509260e-01	   5.5213200e-01	   4.0613770e-01	   3.6438668e-01	   3.7875316e-01	   2.9218152e-01	   3.3128529e-01	   7.0300629e-01	   4.6154247e-01	   4.4409336e-01	   4.2121293e-01	   3.7271034e-01	   4.4183808e-01	   5.5207717e-01	   3.1353904e-01	   4.1977304e-01	   3.1705954e-01	   3.4433922e-01	   4.0965068e-01	   2.5783647e-01	   4.0499315e-01	
   6.3540676e-01	   4.5913117e-01	   5.3316420e-01	   3.3158975e-01	   3.5293564e-01	   3.2211159e-01	   3.2379887e-01	   4.4606586e-01	   5.2776165e-01	   4.8031336e-01	   3.5293564e-01	   5.0525503e-01	   3.6477418e-01	   5.4975092e-01	   3.8807009e-01	   4.6171735e-01	   3.6805144e-01	   2.8926587e-01	   0.0000000e+00	   5.5026464e-01	   5.7882820e-01	   4.9697870e-01	   4.9653180e-01	   3.6034880e-01	   2.9207789e-01	   3.4763496e-01	   3.6763995e-01	   4.9023235e-01	   4.4522805e-01	   5.6374340e-01	   3.2019490e-01	   4.7968267e-01	   2.3877661e-01	   3.1318481e-01	   5.8355085e-01	   3.6944709e-01	   3.4821503e-01	   5.2413544e-01	   3.9574316e-01	   2.8437553e-01	   4.5085866e-01	   6.2559584e-01	   5.0178796e-01	   4.2343507e-01	   3.3519163e-01	   3.9053257e-01	   3.8650676e-01	   4.3169547e-01	   4.8033437e-01	   7.0561390e-01	   4.3106387e-01	   1.6377403e-01	   3.5089976e-01	   3.3304730e-01	   3.5733987e-01	   2.3864979e-01	   5.0555453e-01	   3.6999296e-01	   3.6763995e-01	   3.0922890e-01	   3.1858357e-01	   3.8739342e-01	   6.5197712e-01	   3.7952501e-01	   5.8940096e-01	   3.8393962e-01	   4.0596374e-01	   4.7833441e-01	   4.4286463e-01	   5.1791845e-01	   4.0859008e-01	   3.9390296e-01	   6.0123253e-01	   3.6703560e-01	   3.2516722e-01	   1.8803972e-01	   2.8437553e-01	   2.3165502e-01	   4.4163249e-01	   4.2609582e-01	   6.3540676e-01	   3.6813369e-01	   3.4216374e-01	   3.0382999e-01	   2.6600421e-01	   3.0542004e-01	   6.9643006e-01	   3.9841155e-01	   4.5072434e-01	   4.6960534e-01	   3.2379887e-01	   4.1449937e-01	   5.2667066e-01	   1.6377403e-01	   3.8564422e-01	   3.8053403e-01	   2.5943614e-01	   3.6944709e-01	   3.6034880e-01	   3.6466351e-01	
   5.7242959e-01	   8.0988664e-01	   4.0251886e-01	   4.5395906e-01	   5.5297208e-01	   4.9343303e-01	   5.6379709e-01	   2.7867633e-01	   1.3537095e-01	   5.0491539e-01	   5.4232177e-01	   4.1791792e-01	   5.0778516e-01	   5.1028297e-01	   4.9418912e-01	   2.6410062e-01	   3.5767858e-01	   5.7708221e-01	   5.5026464e-01	   0.0000000e+00	   5.0547468e-01	   4.1063483e-01	   4.1279169e-01	   5.1140892e-01	   4.6300502e-01	   6.4755099e-01	   4.2746720e-01	   4.6433259e-01	   5.3130615e-01	   2.3763281e-01	   4.6814185e-01	   4.5126135e-01	   6.2038016e-01	   5.9803509e-01	   3.8193691e-01	   5.8736005e-01	   5.0200912e-01	   4.8035538e-01	   6.5078426e-01	   5.1832745e-01	   5.6410128e-01	   4.6580804e-01	   4.1410966e-01	   4.8257702e-01	   4.4195226e-01	   4.1105238e-01	   4.5741363e-01	   4.7037828e-01	   1.6487938e-01	   4.3391044e-01	   3.6684309e-01	   5.7154749e-01	   6.2262080e-01	   5.9810258e-01	   6.8069033e-01	   5.1655278e-01	   5.2342260e-01	   5.0399522e-01	   4.2746720e-01	   5.4462416e-01	   6.0955016e-01	   5.6007989e-01	   3.7037459e-01	   4.1796621e-01	   5.2686223e-01	   4.8959382e-01	   7.2956219e-01	   5.2073594e-01	   2.0065686e-01	   4.6378896e-01	   4.7234783e-01	   6.2305825e-01	   4.4735347e-01	   5.0223019e-01	   6.0379500e-01	   5.1970787e-01	   5.1832745e-01	   5.3393963e-01	   5.6177094e-01	   7.5018414e-01	   5.7242959e-01	   4.3281603e-01	   4.7831332e-01	   4.8408025e-01	   6.5772492e-01	   5.0261180e-01	   4.0861477e-01	   3.1331366e-01	   4.8769393e-01	   5.0299312e-01	   5.6379709e-01	   6.0839021e-01	   3.3241041e-01	   5.7154749e-01	   5.8117696e-01	   5.3037468e-01	   6.3938052e-01	   5.1856102e-01	   5.1140892e-01	   6.4697415e-01	
   2.5760154e-01	   8.9457159e-01	   4.4158679e-01	   5.6862685e-01	   4.2682935e-01	   5.8405212e-01	   6.5586587e-01	   4.8850022e-01	   5.0311348e-01	   4.8226326e-01	   6.2995198e-01	   4.7292430e-01	   4.6799094e-01	   5.7454110e-01	   4.7892474e-01	   5.2551980e-01	   5.2680476e-01	   5.2415469e-01	   5.7882820e-01	   5.0547468e-01	   0.0000000e+00	   4.3945644e-01	   5.6144752e-01	   3.9815818e-01	   5.7320471e-01	   6.9423868e-01	   4.6889569e-01	   5.2917467e-01	   5.7589191e-01	   5.3755602e-01	   4.8880998e-01	   5.7436544e-01	   6.2942314e-01	   6.8974726e-01	   4.5959248e-01	   6.6806113e-01	   5.1373200e-01	   4.3288597e-01	   7.4070832e-01	   6.0629672e-01	   4.4375239e-01	   5.2419319e-01	   4.6075471e-01	   5.7505022e-01	   5.2081345e-01	   6.3297227e-01	   5.0233064e-01	   4.9520904e-01	   5.3073606e-01	   5.3236868e-01	   4.9298291e-01	   6.1219321e-01	   7.2036148e-01	   6.2609568e-01	   7.6514095e-01	   5.3821264e-01	   4.8412194e-01	   4.6160806e-01	   4.6889569e-01	   6.2406159e-01	   6.9078521e-01	   6.5387809e-01	   5.0353450e-01	   4.9093171e-01	   4.1840056e-01	   5.4265659e-01	   8.1069612e-01	   2.7685988e-01	   5.1889173e-01	   4.9150691e-01	   4.6710604e-01	   7.3328722e-01	   5.2797194e-01	   4.6431086e-01	   5.2486653e-01	   5.1263083e-01	   6.0629672e-01	   6.0785922e-01	   6.8895678e-01	   8.3975040e-01	   2.5760154e-01	   5.1119182e-01	   5.1512473e-01	   6.0136679e-01	   6.4972900e-01	   4.9614551e-01	   4.9902527e-01	   6.0111503e-01	   4.6402824e-01	   3.9055841e-01	   6.5586587e-01	   6.6357501e-01	   5.0525503e-01	   6.1219321e-01	   6.5684983e-01	   3.4623883e-01	   6.8246697e-01	   5.9480349e-01	   3.9815818e-01	   7.2871798e-01	
   4.8889255e-01	   7.9870781e-01	   1.8517367e-01	   4.5500262e-01	   4.9367838e-01	   5.0409532e-01	   5.7227091e-01	   4.1337797e-01	   4.2116501e-01	   3.1328146e-01	   5.4903459e-01	   2.8273852e-01	   4.3858299e-01	   5.4580869e-01	   3.8827806e-01	   4.1337797e-01	   3.7645491e-01	   5.2058089e-01	   4.9697870e-01	   4.1063483e-01	   4.3945644e-01	   0.0000000e+00	   4.6919688e-01	   4.4090070e-01	   4.2918702e-01	   6.1780481e-01	   3.9530944e-01	   4.8468440e-01	   4.8965565e-01	   4.2645091e-01	   4.1926792e-01	   4.7286028e-01	   5.4978763e-01	   5.9659911e-01	   3.8111699e-01	   5.8977750e-01	   4.3351491e-01	   3.3498083e-01	   6.5521935e-01	   5.0931305e-01	   4.9705991e-01	   4.4513738e-01	   4.1704776e-01	   5.0897612e-01	   4.3844492e-01	   4.9492367e-01	   3.2588020e-01	   4.7475577e-01	   4.1021685e-01	   4.9347393e-01	   3.0900039e-01	   5.1974670e-01	   6.2364103e-01	   5.1008517e-01	   6.7166151e-01	   4.6673864e-01	   3.5759393e-01	   4.0299490e-01	   3.9530944e-01	   5.3976658e-01	   5.8991436e-01	   5.7531338e-01	   4.6522276e-01	   3.3621365e-01	   3.8897914e-01	   3.5849581e-01	   7.1682270e-01	   4.5074673e-01	   4.1144498e-01	   2.7907436e-01	   4.2562191e-01	   6.4566265e-01	   4.4092359e-01	   4.4638246e-01	   5.4591960e-01	   4.4924428e-01	   5.0931305e-01	   4.9565714e-01	   6.0108146e-01	   7.4460799e-01	   4.8889255e-01	   2.9863765e-01	   4.5199869e-01	   4.8907828e-01	   6.0379500e-01	   4.4300133e-01	   4.8713494e-01	   4.5329170e-01	   3.5402045e-01	   3.7973766e-01	   5.7227091e-01	   5.9830501e-01	   4.5398129e-01	   5.1974670e-01	   5.8576010e-01	   4.5360326e-01	   5.8299723e-01	   5.1780153e-01	   4.4090070e-01	   6.4194791e-01	
   6.2825170e-01	   6.9927870e-01	   4.7778560e-01	   4.5202101e-01	   5.2394287e-01	   3.8375560e-01	   4.4502402e-01	   3.8412356e-01	   3.9947391e-01	   5.3350477e-01	   4.3906590e-01	   4.9979309e-01	   4.8094322e-01	   4.6554801e-01	   4.9888370e-01	   3.9987788e-01	   4.1878628e-01	   5.2513562e-01	   4.9653180e-01	   4.1279169e-01	   5.6144752e-01	   4.6919688e-01	   0.0000000e+00	   5.0539482e-01	   4.5820714e-01	   5.6225573e-01	   3.7744541e-01	   3.9696522e-01	   5.2409693e-01	   4.3241949e-01	   4.0081050e-01	   3.1654990e-01	   5.5791364e-01	   4.9064386e-01	   4.6206690e-01	   4.6844353e-01	   4.7894581e-01	   5.3544943e-01	   5.3318312e-01	   4.2550335e-01	   5.7702975e-01	   5.2513562e-01	   3.7591842e-01	   4.1690256e-01	   4.1905125e-01	   4.3609102e-01	   4.5224420e-01	   4.5650823e-01	   4.1100327e-01	   5.1774307e-01	   4.2838687e-01	   5.1188226e-01	   5.0883732e-01	   5.6401183e-01	   5.6716979e-01	   4.5318038e-01	   5.5342811e-01	   4.9378057e-01	   3.7744541e-01	   4.6829272e-01	   5.1286699e-01	   4.4708270e-01	   5.0323381e-01	   4.6079851e-01	   5.8008205e-01	   4.7039973e-01	   6.3732549e-01	   5.3543058e-01	   3.7462771e-01	   5.2511641e-01	   4.8284879e-01	   4.8982049e-01	   4.8852088e-01	   5.1764560e-01	   5.5483032e-01	   4.8309951e-01	   4.2550335e-01	   4.9967193e-01	   4.4149537e-01	   6.2653070e-01	   6.2825170e-01	   4.0289473e-01	   4.5789872e-01	   4.3122771e-01	   5.8588068e-01	   4.6932591e-01	   4.7729958e-01	   4.3325878e-01	   5.1856102e-01	   5.3126816e-01	   4.4502402e-01	   5.0405528e-01	   4.2056559e-01	   5.1188226e-01	   4.5382567e-01	   5.2446263e-01	   5.6324197e-01	   4.4092359e-01	   5.0539482e-01	   5.3922415e-01	
